3074351,286.0
3074425,312.0
3074432,316.0
3074440,328.0
3074444,329.0
3074454,321.0
3074461,325.0
3074468,337.0
3074481,328.0
3074488,91.0
3074497,101.0
3074507,109.0
3074513,104.0
3074524,95.0
3074539,86.0
3074542,78.0
3074546,72.0
3074557,66.0
3074567,60.0
3074585,54.0
3074589,51.0
3074614,48.0
3074619,45.0
3074639,42.0
3074643,40.0
3074663,39.0
3074683,43.0
3074704,47.0
3074707,45.0
3074742,49.0
3074746,53.0
3074784,54.0
3074788,60.0
3075007,60.0
3075013,59.0
3075019,59.0
3075028,60.0
3075051,62.0
3075096,288.0
3075141,282.0
3075145,282.0
3075150,294.0
3075162,239.0
3075171,161.0
3075175,142.0
3075182,126.0
3075194,112.0
3075203,100.0
3075225,90.0
3075239,79.0
3075274,73.0
3075281,63.0
3075292,57.0
3075301,51.0
3075308,46.0
3075318,42.0
3075341,38.0
3075351,34.0
3075364,32.0
3075371,28.0
3075391,26.0
3075396,23.0
3075401,43.0
3075436,87.0
3075456,105.0
3075469,127.0
3075504,160.0
3075539,181.0
3075542,188.0
3075584,230.0
3075588,236.0
3075608,255.0
3075613,274.0
3075623,267.0
3075632,272.0
3075644,287.0
3075652,292.0
3075664,287.0
3075674,293.0
3075683,309.0
3075690,305.0
3075746,300.0
3075754,309.0
3075772,310.0
3075784,322.0
3075795,321.0
3075798,316.0
3075806,317.0
3075813,330.0
3075822,320.0
3075829,318.0
3075840,324.0
3075851,317.0
3075862,298.0
3075868,293.0
3075877,292.0
3075888,280.0
3075897,267.0
3075906,258.0
3075912,254.0
3075922,232.0
3075933,218.0
3075939,213.0
3075948,202.0
3075960,188.0
3075967,182.0
3075975,183.0
3075989,174.0
3075995,167.0
3075999,167.0
3076013,173.0
3076023,162.0
3076057,160.0
3076067,165.0
3076084,166.0
3076093,159.0
3076101,163.0
3076113,173.0
3076119,189.0
3076127,206.0
3076137,236.0
3076145,264.0
3076167,269.0
3076176,280.0
3076184,302.0
3076195,304.0
3076223,302.0
3076227,304.0
3076234,318.0
3076242,311.0
3076253,308.0
3076280,318.0
3076284,324.0
3076295,314.0
3076300,317.0
3076322,325.0
3076331,323.0
3076340,315.0
3076350,318.0
3076370,331.0
3076378,322.0
3076408,317.0
3076413,327.0
3076421,329.0
3076428,318.0
3076444,318.0
3076448,330.0
3076468,328.0
3076478,319.0
3076485,323.0
3076513,337.0
3076520,324.0
3076524,321.0
3076532,331.0
3076552,336.0
3076561,326.0
3076571,327.0
3076581,340.0
3076602,339.0
3076627,329.0
3076632,336.0
3076637,350.0
3076644,341.0
3076653,341.0
3076667,355.0
3076677,362.0
3076697,357.0
3076711,358.0
3076715,376.0
3076729,383.0
3076738,386.0
3076757,403.0
3076766,426.0
3076777,422.0
3076786,427.0
3076795,440.0
3076829,451.0
3076833,442.0
3076838,446.0
3076849,468.0
3076858,465.0
3076880,458.0
3076889,469.0
3076897,481.0
3076910,470.0
3076935,466.0
3076941,480.0
3076948,486.0
3076982,473.0
3078418,475.0
3078428,495.0
3078440,442.0
3078450,442.0
3078460,442.0
3078470,428.0
3078480,430.0
3078490,454.0
3078499,449.0
3078510,446.0
3078519,482.0
3078527,489.0
3078536,496.0
3078559,483.0
3078563,479.0
3078577,495.0
3078581,482.0
3078587,489.0
3078595,504.0
3078605,486.0
3078616,495.0
3078623,496.0
3078632,483.0
3078643,482.0
3078652,482.0
3078659,494.0
3078668,499.0
3078677,481.0
3078687,483.0
3078707,481.0
3078718,497.0
3078726,494.0
3078735,482.0
3078756,486.0
3078764,503.0
3078771,478.0
3078792,465.0
3078800,468.0
3078809,466.0
3078834,457.0
3078843,460.0
3078854,478.0
3078861,477.0
3078869,464.0
3078880,473.0
3078904,488.0
3078909,475.0
3078918,471.0
3078930,487.0
3078939,489.0
3078974,480.0
3078992,475.0
3079009,494.0
3079015,486.0
3079025,477.0
3079033,487.0
3079042,497.0
3079051,483.0
3079071,483.0
3079075,494.0
3079081,493.0
3079091,480.0
3079099,484.0
3079108,501.0
3079130,489.0
3079139,482.0
3079148,496.0
3079159,497.0
3079177,484.0
3079184,481.0
3079195,500.0
3079205,494.0
3079235,483.0
3079241,487.0
3079247,506.0
3079254,486.0
3079276,482.0
3079284,494.0
3079293,497.0
3079303,485.0
3079341,485.0
3079345,501.0
3079354,496.0
3079364,481.0
3079384,489.0
3079389,502.0
3079396,487.0
3079405,482.0
3079416,498.0
3079425,498.0
3079444,487.0
3079453,483.0
3079466,502.0
3079471,491.0
3079491,483.0
3079501,491.0
3079509,502.0
3079519,487.0
3079541,486.0
3079555,496.0
3079559,496.0
3079586,482.0
3079591,486.0
3079600,503.0
3079610,492.0
3079627,483.0
3079666,495.0
3079675,500.0
3079689,487.0
3079693,482.0
3079701,498.0
3079711,496.0
3079720,484.0
3079728,487.0
3079744,506.0
3079749,489.0
3079756,483.0
3079764,492.0
3079788,500.0
3079796,487.0
3079808,484.0
3079836,500.0
3079840,498.0
3079918,482.0
3079922,487.0
3079926,502.0
3079929,489.0
3079933,483.0
3079937,495.0
3079949,499.0
3079960,487.0
3079972,483.0
3079982,501.0
3079994,493.0
3080008,482.0
3080014,490.0
3080027,503.0
3080033,488.0
3080038,486.0
3080062,490.0
3080068,502.0
3080073,488.0
3080081,482.0
3080088,495.0
3080099,499.0
3080108,485.0
3080117,486.0
3080127,497.0
3080147,495.0
3080157,482.0
3080167,485.0
3080175,503.0
3080197,491.0
3080205,483.0
3080215,496.0
3080222,498.0
3080244,485.0
3080258,482.0
3080262,499.0
3080271,494.0
3080297,484.0
3080302,487.0
3080311,506.0
3080321,489.0
3080340,483.0
3080349,494.0
3080359,497.0
3080368,484.0
3080391,485.0
3080397,501.0
3080406,496.0
3080415,482.0
3080437,489.0
3080452,501.0
3080462,487.0
3080473,483.0
3080487,498.0
3080494,497.0
3080499,487.0
3080521,485.0
3080530,501.0
3080539,490.0
3080547,482.0
3080570,493.0
3080579,500.0
3080589,486.0
3080597,486.0
3080617,497.0
3080626,493.0
3080635,482.0
3080653,486.0
3080659,503.0
3080671,489.0
3080688,483.0
3080714,497.0
3080719,498.0
3080724,484.0
3080740,482.0
3080752,500.0
3080777,495.0
3080781,483.0
3080785,488.0
3080794,505.0
3080818,487.0
3080826,482.0
3080835,495.0
3080843,496.0
3080852,484.0
3080863,484.0
3080903,502.0
3080910,494.0
3080916,480.0
3080923,484.0
3080930,494.0
3080958,480.0
3080963,479.0
3080971,494.0
3080979,492.0
3080996,483.0
3081019,481.0
3081023,496.0
3081031,484.0
3081041,478.0
3081044,488.0
3081066,496.0
3081075,482.0
3081085,482.0
3081126,495.0
3081130,492.0
3081136,480.0
3081155,483.0
3081160,501.0
3081165,488.0
3081175,481.0
3081189,495.0
3081200,497.0
3081218,483.0
3081221,481.0
3081230,498.0
3081239,494.0
3081259,483.0
3081270,485.0
3081282,506.0
3081288,489.0
3081297,481.0
3081319,490.0
3081329,499.0
3081337,486.0
3081347,483.0
3081369,499.0
3081383,497.0
3081387,481.0
3081400,485.0
3081417,502.0
3081426,489.0
3081435,482.0
3081444,494.0
3081466,499.0
3081473,487.0
3081484,482.0
3081493,498.0
3081516,493.0
3081524,481.0
3081531,488.0
3081540,502.0
3081567,489.0
3081572,485.0
3081579,493.0
3081589,497.0
3081610,484.0
3081650,482.0
3081656,501.0
3081662,494.0
3081668,484.0
3081678,492.0
3081688,500.0
3081698,487.0
3081706,482.0
3081716,497.0
3081724,497.0
3081733,485.0
3081755,486.0
3081764,505.0
3081775,492.0
3081808,483.0
3081811,490.0
3081835,500.0
3081839,488.0
3081843,484.0
3081850,497.0
3081859,500.0
3081867,482.0
3081916,484.0
3081927,501.0
3081930,490.0
3081934,484.0
3081938,493.0
3081942,500.0
3081966,490.0
3082000,482.0
3082007,497.0
3082044,495.0
3082074,482.0
3082145,487.0
3082148,504.0
3082235,490.0
3082238,487.0
3082242,492.0
3082249,497.0
3082260,484.0
3082271,482.0
3082279,483.0
3082287,486.0
3082297,487.0
3082307,491.0
3082322,480.0
3082329,491.0
3082335,497.0
3082347,484.0
3082355,482.0
3082360,498.0
3082366,495.0
3082376,486.0
3082385,482.0
3082395,501.0
3082406,491.0
3082413,482.0
3082421,489.0
3082432,488.0
3082446,503.0
3082464,492.0
3082471,481.0
3082477,483.0
3082484,482.0
3082564,499.0
3082570,495.0
3082577,483.0
3082583,487.0
3082589,505.0
3082595,489.0
3082601,480.0
3082629,492.0
3082635,497.0
3082645,484.0
3082649,483.0
3082671,501.0
3082713,495.0
3082800,481.0
3082839,488.0
3082855,500.0
3082856,495.0
3082870,500.0
3082893,488.0
3082901,481.0
3082905,493.0
3082918,486.0
3082926,499.0
3082933,490.0
3082955,481.0
3082958,489.0
3082962,500.0
3082972,485.0
3082991,482.0
3083002,502.0
3083010,493.0
3083020,482.0
3083058,485.0
3083099,500.0
3083109,489.0
3083129,501.0
3083150,483.0
3083165,482.0
3083183,482.0
3083203,502.0
3083300,489.0
3083317,481.0
3083321,497.0
3083329,494.0
3083353,480.0
3083406,483.0
3083419,501.0
3083430,488.0
3083457,484.0
3083463,482.0
3083521,485.0
3083741,485.0
3083752,482.0
3083762,492.0
3083787,502.0
3083805,489.0
3083817,485.0
3083832,495.0
3083851,495.0
3083901,501.0
3083907,487.0
3083913,501.0
3083939,499.0
3083968,484.0
3084037,485.0
3084053,498.0
3084074,494.0
3084099,495.0
3084113,487.0
3084149,482.0
3084171,481.0
3084177,496.0
3084183,489.0
3084191,499.0
3084200,499.0
3084208,497.0
3084217,501.0
3084228,484.0
3084240,500.0
3084248,501.0
3084255,502.0
3084265,493.0
3084274,481.0
3084292,484.0
3084296,491.0
3084315,500.0
3084321,486.0
3084325,481.0
3084335,498.0
3084342,480.0
3084354,488.0
3084362,499.0
3084373,486.0
3084384,481.0
3084389,495.0
3084398,495.0
3084407,484.0
3084437,481.0
3084447,498.0
3084451,491.0
3084458,480.0
3084468,487.0
3084478,501.0
3084501,487.0
3084520,486.0
3084536,494.0
3084564,497.0
3084580,484.0
3084594,487.0
3084616,504.0
3084620,495.0
3084643,491.0
3084697,503.0
3084733,507.0
3084783,505.0
3084786,514.0
3084800,506.0
3084807,507.0
3084812,510.0
3084820,511.0
3084828,510.0
3084838,509.0
3084847,514.0
3084857,518.0
3084866,511.0
3084877,511.0
3084884,513.0
3084928,514.0
3084934,512.0
3084941,511.0
3084950,515.0
3084982,517.0
3085002,513.0
3085008,512.0
3085024,514.0
3085029,514.0
3085054,516.0
3085060,512.0
3085143,515.0
3085150,520.0
3085217,511.0
3085234,517.0
3085288,503.0
3085295,507.0
3085301,505.0
3085311,502.0
3085338,495.0
3085346,491.0
3085371,476.0
3085396,495.0
3085412,484.0
3085568,476.0
3085577,486.0
3085590,498.0
3085600,487.0
3085610,497.0
3085620,475.0
3085639,486.0
3085649,476.0
3085661,490.0
3085696,492.0
3085700,477.0
3085728,477.0
3085771,497.0
3085795,486.0
3085799,475.0
3085852,487.0
3085855,475.0
3085876,476.0
3085909,490.0
3085922,477.0
3085975,480.0
3086045,487.0
3086049,481.0
3086052,474.0
3086056,496.0
3086060,482.0
3086075,476.0
3086094,489.0
3086109,495.0
3086184,479.0
3086188,495.0
3086198,481.0
3086203,475.0
3086210,477.0
3086219,483.0
3086230,476.0
3086237,489.0
3086254,493.0
3086264,496.0
3086289,483.0
3086302,474.0
3086305,486.0
3086314,493.0
3086328,478.0
3086348,478.0
3086381,492.0
3086388,486.0
3086395,474.0
3086412,480.0
3086419,496.0
3086426,482.0
3086434,475.0
3086443,492.0
3086461,490.0
3086465,476.0
3086474,475.0
3086484,493.0
3086493,486.0
3086505,475.0
3086525,483.0
3086565,499.0
3086572,479.0
3086579,475.0
3086601,488.0
3086614,489.0
3086618,477.0
3086655,478.0
3086659,496.0
3086685,487.0
3086703,474.0
3086729,484.0
3086733,493.0
3086764,478.0
3086768,476.0
3086811,493.0
3086831,488.0
3086835,495.0
3086884,488.0
3086899,476.0
3086933,485.0
3086946,474.0
3086975,495.0
3086991,480.0
3087194,494.0
3087201,487.0
3087337,476.0
3087360,479.0
3087403,496.0
3087412,484.0
3087420,476.0
3087442,486.0
3087489,495.0
3087500,475.0
3087521,484.0
3087568,496.0
3087606,476.0
3087622,493.0
3087667,479.0
3087680,476.0
3087687,489.0
3087696,483.0
3087704,495.0
3087714,475.0
3087726,484.0
3087733,484.0
3087742,496.0
3087749,481.0
3087770,493.0
3087776,490.0
3087781,476.0
3087796,476.0
3087800,493.0
3087812,491.0
3087819,490.0
3087840,476.0
3087855,480.0
3087866,492.0
3087870,484.0
3087875,474.0
3087884,479.0
3087895,477.0
3087902,478.0
3087922,493.0
3087926,488.0
3087946,473.0
3087950,480.0
3087959,493.0
3087973,486.0
3087977,475.0
3088008,479.0
3088016,495.0
3088022,487.0
3088030,473.0
3088054,484.0
3088059,493.0
3088090,477.0
3088105,476.0
3088110,491.0
3088124,488.0
3088150,477.0
3088165,482.0
3088177,497.0
3088209,485.0
3088241,477.0
3088251,492.0
3088282,493.0
3088301,477.0
3088304,481.0
3088310,493.0
3088353,484.0
3088357,475.0
3088378,484.0
3088390,496.0
3088396,482.0
3088433,496.0
3088439,488.0
3088457,486.0
3088530,476.0
3088538,485.0
3088587,494.0
3088593,482.0
3088755,496.0
3088770,481.0
3088780,494.0
3088790,491.0
3088809,496.0
3088823,493.0
3088827,482.0
3088846,478.0
3088897,495.0
3088910,485.0
3088969,499.0
3088999,492.0
3089011,487.0
3089109,502.0
3089147,489.0
3089164,483.0
3089208,493.0
3089213,495.0
3089221,480.0
3089233,505.0
3089241,489.0
3089274,481.0
3089278,487.0
3089290,483.0
3089303,484.0
3089307,496.0
3089311,486.0
3089320,475.0
3089332,479.0
3089337,496.0
3089347,483.0
3089356,501.0
3089365,491.0
3089375,478.0
3089385,476.0
3089410,521.0
3089413,518.0
3089428,511.0
3089431,481.0
3089438,499.0
3089451,496.0
3089458,504.0
3089465,485.0
3089474,480.0
3089485,492.0
3089493,486.0
3089527,495.0
3089538,481.0
3089545,477.0
3089582,497.0
3089605,492.0
3089727,479.0
3089736,481.0
3089746,498.0
3089756,489.0
3089766,482.0
3089775,494.0
3089795,482.0
3089958,492.0
3089974,464.0
3089994,487.0
3090011,481.0
3090160,468.0
3090407,279.0
3090412,248.0
3090419,236.0
3090468,259.0
3090472,270.0
3090476,298.0
3090480,271.0
3090484,246.0
3090490,280.0
3090494,97.0
3090498,87.0
3090505,81.0
3090520,73.0
3090528,64.0
3090532,59.0
3090541,55.0
3090551,52.0
3090561,48.0
3090569,50.0
3090577,50.0
3090585,46.0
3090594,43.0
3090613,41.0
3090621,38.0
3090631,37.0
3090641,35.0
3090647,79.0
3090661,90.0
3090673,80.0
3090680,81.0
3090690,75.0
3090713,68.0
3090721,63.0
3090733,58.0
3090741,53.0
3090751,51.0
3090771,47.0
3090780,44.0
3090792,41.0
3090808,39.0
3090817,37.0
3090879,35.0
3090882,34.0
3090886,33.0
3090890,32.0
3090899,31.0
3090910,29.0
3090921,29.0
3090931,29.0
3090949,28.0
3090953,28.0
3090960,28.0
3090968,26.0
3090977,25.0
3090986,26.0
3090995,27.0
3091006,27.0
3091026,27.0
3091090,27.0
3091098,27.0
3091102,27.0
3091106,26.0
3091112,27.0
3091123,27.0
3091133,27.0
3091152,27.0
3091164,26.0
3091168,27.0
3091174,22.0
3091184,21.0
3091194,20.0
3091202,19.0
3091217,17.0
3091223,18.0
3091233,24.0
3091246,29.0
3091250,25.0
3091266,25.0
3091273,23.0
3091293,24.0
3091301,23.0
3091310,23.0
3091330,21.0
3091341,17.0
3091354,18.0
3091361,9.0
3091384,9.0
3091390,15.0
3091400,12.0
3091407,14.0
3091418,11.0
3091438,15.0
3091454,12.0
3091475,12.0
3091480,12.0
3091491,12.0
3091498,13.0
3091513,12.0
3091517,15.0
3091547,13.0
3091553,12.0
3091560,9.0
3091580,11.0
3091593,10.0
3091599,13.0
3091609,9.0
3091620,8.0
3091626,11.0
3091636,10.0
3091663,10.0
3091667,9.0
3091674,9.0
3091685,10.0
3091703,10.0
3091712,8.0
3091723,9.0
3091734,9.0
3091757,8.0
3091764,8.0
3091768,9.0
3091788,10.0
3091798,9.0
3091805,9.0
3091823,20.0
3091836,24.0
3091847,27.0
3091854,28.0
3091863,31.0
3091885,32.0
3091894,28.0
3091902,26.0
3091912,25.0
3091943,25.0
3091947,25.0
3091952,28.0
3091964,18.0
3091973,14.0
3091997,13.0
3092027,11.0
3092031,11.0
3092035,10.0
3092048,9.0
3092053,10.0
3092068,9.0
3092089,10.0
3092094,10.0
3092100,9.0
3092111,9.0
3092123,8.0
3092144,9.0
3092149,9.0
3092160,9.0
3092186,8.0
3092193,9.0
3092200,8.0
3092207,10.0
3092217,7.0
3092238,8.0
3092247,7.0
3092256,7.0
3092268,9.0
3092273,8.0
3092295,8.0
3092304,9.0
3092315,7.0
3092345,8.0
3092350,20.0
3092355,11.0
3092363,12.0
3092375,7.0
3092406,8.0
3092411,9.0
3092414,8.0
3092424,9.0
3092436,10.0
3092452,13.0
3092462,9.0
3092477,9.0
3092481,9.0
3092501,7.0
3092514,4.0
3092518,4.0
3092527,5.0
3092550,5.0
3092561,5.0
3092567,6.0
3092581,5.0
3092596,6.0
3092605,5.0
3092616,5.0
3092640,5.0
3092646,4.0
3092651,5.0
3092662,5.0
3092683,5.0
3092704,6.0
3092708,5.0
3092717,5.0
3092725,4.0
3092735,4.0
3092751,5.0
3092775,5.0
3092792,5.0
3092796,5.0
3092800,4.0
3092812,5.0
3092819,4.0
3092828,5.0
3092852,6.0
3092865,5.0
3092874,6.0
3092908,6.0
3092912,5.0
3092916,5.0
3092922,5.0
3092931,6.0
3092943,5.0
3092951,6.0
3092972,6.0
3092980,7.0
3092989,6.0
3092997,6.0
3093019,6.0
3093029,6.0
3093039,6.0
3093048,7.0
3093059,7.0
3093079,7.0
3093094,6.0
3093122,6.0
3093126,6.0
3093132,6.0
3093141,6.0
3093150,5.0
3093161,6.0
3093174,7.0
3093179,5.0
3093204,5.0
3093209,5.0
3093222,6.0
3093240,6.0
3093244,6.0
3093253,6.0
3093263,8.0
3093284,7.0
3093296,6.0
3093303,7.0
3093311,6.0
3093333,6.0
3093342,7.0
3093350,7.0
3093364,8.0
3093384,7.0
3093388,6.0
3093451,7.0
3093455,6.0
3093458,6.0
3093462,6.0
3093466,6.0
3093475,8.0
3093482,6.0
3093541,6.0
3093544,7.0
3093548,6.0
3093555,7.0
3093568,7.0
3093576,6.0
3093588,8.0
3093649,7.0
3093653,7.0
3093656,7.0
3093660,6.0
3093670,6.0
3093722,7.0
3093725,6.0
3093729,7.0
3093733,6.0
3093736,6.0
3093741,6.0
3093744,5.0
3093748,6.0
3093754,7.0
3093767,6.0
3093778,7.0
3093785,6.0
3093790,6.0
3093805,6.0
3093812,6.0
3093820,6.0
3093836,6.0
3093843,6.0
3093852,7.0
3093862,5.0
3093871,6.0
3093882,5.0
3093895,6.0
3093906,5.0
3093926,7.0
3093935,5.0
3093944,7.0
3093954,5.0
3093978,6.0
3093984,5.0
3093992,6.0
3094001,6.0
3094022,6.0
3094031,6.0
3094045,7.0
3094050,6.0
3094071,6.0
3094081,5.0
3094090,6.0
3094099,6.0
3094110,6.0
3094133,6.0
3094139,7.0
3094148,5.0
3094157,6.0
3094182,6.0
3094190,6.0
3094199,7.0
3094207,6.0
3094219,6.0
3094239,7.0
3094248,6.0
3094257,6.0
3094266,6.0
3094326,6.0
3094335,6.0
3094339,6.0
3094342,5.0
3094346,6.0
3094380,6.0
3094383,5.0
3094389,5.0
3094398,6.0
3094409,7.0
3094442,6.0
3094446,6.0
3094450,7.0
3094458,6.0
3094471,6.0
3094480,7.0
3094487,6.0
3094496,6.0
3094505,7.0
3094515,6.0
3094523,7.0
3094535,6.0
3094555,6.0
3094561,6.0
3094573,7.0
3094582,6.0
3094592,6.0
3094614,6.0
3094660,6.0
3094666,6.0
3094675,7.0
3094684,6.0
3094697,9.0
3094703,6.0
3094711,7.0
3094719,26.0
3094731,55.0
3094738,62.0
3094748,107.0
3094757,140.0
3094766,178.0
3094777,158.0
3094800,139.0
3094807,123.0
3094818,111.0
3094831,96.0
3094836,86.0
3094860,77.0
3094864,68.0
3094872,61.0
3094883,54.0
3094913,50.0
3094917,45.0
3094925,46.0
3094935,38.0
3094944,33.0
3094964,31.0
3094975,27.0
3094984,25.0
3094990,23.0
3095013,22.0
3095022,20.0
3095031,17.0
3095040,15.0
3095055,14.0
3095071,14.0
3095082,13.0
3095091,12.0
3095101,13.0
3095126,10.0
3095131,10.0
3095149,10.0
3095158,9.0
3095167,9.0
3095176,8.0
3095185,8.0
3095283,9.0
3095286,8.0
3095311,7.0
3095373,7.0
3095420,7.0
3095475,7.0
3095498,7.0
3095524,6.0
3095537,6.0
3095543,6.0
3095567,6.0
3095574,6.0
3095580,7.0
3095597,6.0
3095605,6.0
3095614,7.0
3095625,7.0
3095632,7.0
3095641,5.0
3095659,10.0
3095665,17.0
3095671,21.0
3095679,17.0
3095709,14.0
3095713,15.0
3095725,10.0
3095733,9.0
3095742,10.0
3095767,9.0
3095774,10.0
3095797,11.0
3095801,14.0
3095805,19.0
3095813,23.0
3095825,20.0
3095833,21.0
3095842,14.0
3095853,19.0
3095862,17.0
3095878,13.0
3095882,13.0
3095891,12.0
3095912,13.0
3095916,13.0
3095977,12.0
3096004,11.0
3096035,12.0
3096039,11.0
3096188,12.0
3096203,10.0
3096206,9.0
3096233,10.0
3096237,8.0
3096280,7.0
3096301,8.0
3096310,7.0
3096359,7.0
3096393,7.0
3096450,7.0
3096484,8.0
3096549,6.0
3096561,6.0
3096574,6.0
3096582,6.0
3096593,6.0
3096602,6.0
3096612,6.0
3096623,7.0
3096628,6.0
3096642,6.0
3096647,6.0
3096657,7.0
3096674,7.0
3096702,6.0
3096710,6.0
3096714,7.0
3096719,6.0
3096730,6.0
3096740,6.0
3096748,6.0
3096785,6.0
3096796,6.0
3096800,7.0
3096809,8.0
3096817,6.0
3096825,6.0
3096835,6.0
3096884,7.0
3096888,7.0
3096894,6.0
3096903,6.0
3096914,7.0
3096932,6.0
3096937,6.0
3096946,6.0
3096952,7.0
3096959,7.0
3096969,7.0
3097016,7.0
3097029,8.0
3097044,6.0
3097137,6.0
3097140,6.0
3097203,7.0
3097228,7.0
3097231,6.0
3097264,7.0
3097265,7.0
3097289,7.0
3097297,8.0
3097308,7.0
3097320,7.0
3097324,7.0
3097356,7.0
3097371,8.0
3097382,7.0
3097405,7.0
3097418,7.0
3097455,6.0
3097461,7.0
3097503,7.0
3097509,6.0
3097561,7.0
3097586,7.0
3097616,7.0
3097622,7.0
3097634,7.0
3097649,6.0
3097657,9.0
3097664,9.0
3097697,9.0
3097723,9.0
3097730,8.0
3097770,8.0
3097784,7.0
3097808,8.0
3097824,7.0
3097868,7.0
3097875,8.0
3097933,15.0
3098002,85.0
3098010,230.0
3098016,260.0
3098038,229.0
3098045,201.0
3098129,140.0
3098138,124.0
3098212,113.0
3098219,162.0
3098230,330.0
3098239,229.0
3098250,201.0
3098258,268.0
3098267,294.0
3098274,375.0
3098290,329.0
3098297,246.0
3098303,219.0
3098313,192.0
3098321,170.0
3098330,140.0
3098340,124.0
3098348,111.0
3098356,98.0
3098366,84.0
3098379,76.0
3098399,67.0
3098403,59.0
3098437,53.0
3098442,43.0
3098461,39.0
3098503,35.0
3098530,31.0
3098543,29.0
3098557,26.0
3098585,24.0
3098628,21.0
3098632,20.0
3098664,16.0
3098731,12.0
3098767,9.0
3098777,11.0
3098813,8.0
3098835,9.0
3098840,10.0
3098888,10.0
3098895,12.0
3098948,11.0
3099112,12.0
3099115,8.0
3099140,89.0
3099144,139.0
3099153,181.0
3099163,220.0
3099173,257.0
3099186,286.0
3099193,312.0
3099205,336.0
3099219,361.0
3099226,372.0
3099244,389.0
3099250,405.0
3099259,419.0
3099264,428.0
3099272,446.0
3099289,452.0
3099306,463.0
3099329,467.0
3099349,471.0
3099380,476.0
3099397,480.0
3099407,489.0
3099416,490.0
3099453,499.0
3099470,507.0
3099473,501.0
3099491,505.0
3099499,506.0
3099508,508.0
3099544,489.0
3099564,470.0
3099568,456.0
3099571,444.0
3099597,429.0
3099629,419.0
3099637,407.0
3099643,393.0
3099702,392.0
3099706,386.0
3099735,395.0
3099740,415.0
3099747,421.0
3099775,448.0
3099779,447.0
3099783,442.0
3099790,438.0
3099803,434.0
3099827,436.0
3099851,436.0
3099856,430.0
3099898,430.0
3099910,427.0
3099918,425.0
3099956,423.0
3099981,424.0
3100028,422.0
3100041,421.0
3100049,418.0
3100056,420.0
3100063,419.0
3100070,419.0
3100076,424.0
3100103,427.0
3100111,426.0
3100144,430.0
3100213,429.0
3100224,427.0
3100258,415.0
3100291,415.0
3100297,415.0
3100323,418.0
3100347,413.0
3100357,414.0
3100401,418.0
3100417,419.0
3100440,416.0
3100466,417.0
3100506,422.0
3100516,420.0
3100527,420.0
3100551,421.0
3100581,419.0
3100586,421.0
3100600,421.0
3100605,421.0
3100670,425.0
3100674,423.0
3100722,421.0
3100726,422.0
3100751,423.0
3100791,426.0
3100804,424.0
3100830,420.0
3100849,421.0
3100857,402.0
3100864,395.0
3100896,381.0
3100904,371.0
3100909,332.0
3101015,311.0
3101020,308.0
3101051,297.0
3101087,288.0
3101096,289.0
3101106,287.0
3101140,289.0
3101152,290.0
3101156,292.0
3101164,249.0
3101172,248.0
3101191,242.0
3101195,236.0
3101205,227.0
3101216,224.0
3101225,221.0
3101231,216.0
3101243,213.0
3101260,220.0
3101266,221.0
3101289,224.0
3101298,227.0
3101305,231.0
3101316,236.0
3101325,241.0
3101335,247.0
3101345,246.0
3101374,240.0
3101381,240.0
3101385,239.0
3101395,237.0
3101404,235.0
3101413,236.0
3101424,238.0
3101433,239.0
3101439,239.0
3101453,240.0
3101458,243.0
3101470,243.0
3101477,241.0
3101489,240.0
3101493,235.0
3101593,234.0
3101601,228.0
3101614,227.0
3101618,225.0
3101622,219.0
3101626,217.0
3101630,215.0
3101698,213.0
3101722,215.0
3101759,216.0
3101803,214.0
3101811,219.0
3101826,221.0
3101837,221.0
3101884,221.0
3101900,222.0
3101920,228.0
3101924,237.0
3101951,249.0
3101978,259.0
3101991,264.0
3102038,263.0
3102134,266.0
3102140,269.0
3102218,273.0
3102230,276.0
3102240,279.0
3102268,281.0
3102276,283.0
3102285,281.0
3102298,293.0
3102413,290.0
3102417,291.0
3102427,293.0
3102449,291.0
3102453,289.0
3102461,291.0
3102477,288.0
3102482,291.0
3102490,291.0
3102495,289.0
3102507,290.0
3102512,288.0
3102522,285.0
3102550,287.0
3102554,284.0
3102564,282.0
3102569,282.0
3102580,283.0
3102587,283.0
3102596,284.0
3102619,284.0
3102625,286.0
3102630,281.0
3102634,283.0
3102645,286.0
3102652,290.0
3102663,293.0
3102681,293.0
3102685,295.0
3102690,300.0
3102701,302.0
3102705,303.0
3102719,304.0
3102727,306.0
3102732,309.0
3102743,310.0
3102753,310.0
3102773,316.0
3102784,315.0
3102793,315.0
3102802,317.0
3102822,318.0
3102832,320.0
3102840,320.0
3102848,320.0
3102870,326.0
3102879,321.0
3102889,321.0
3102899,320.0
3102919,322.0
3102930,320.0
3102937,318.0
3102947,317.0
3102967,316.0
3102976,310.0
3102993,310.0
3102999,310.0
3103009,307.0
3103030,306.0
3103040,306.0
3103049,306.0
3103059,308.0
3103069,304.0
3103089,306.0
3103098,305.0
3103108,304.0
3103117,305.0
3103137,307.0
3103150,302.0
3103154,303.0
3103166,298.0
3103185,299.0
3103196,296.0
3103205,296.0
3103213,298.0
3103244,299.0
3103248,297.0
3103255,299.0
3103270,298.0
3103274,298.0
3103299,297.0
3103305,297.0
3103313,299.0
3103322,298.0
3103343,298.0
3103347,302.0
3103366,298.0
3103374,297.0
3103388,299.0
3103392,300.0
3103414,299.0
3103430,296.0
3103437,296.0
3103450,297.0
3103461,289.0
3103474,285.0
3103478,284.0
3103500,283.0
3103510,284.0
3103518,282.0
3103543,286.0
3103550,289.0
3103558,287.0
3103568,289.0
3103579,291.0
3103587,292.0
3103609,294.0
3103620,298.0
3103628,298.0
3103637,302.0
3103653,302.0
3103663,304.0
3103672,303.0
3103692,304.0
3103703,307.0
3103717,306.0
3103721,306.0
3103741,308.0
3103751,306.0
3103761,305.0
3103770,305.0
3103790,305.0
3103798,307.0
3103825,306.0
3103832,305.0
3103839,309.0
3103845,306.0
3103861,305.0
3103870,304.0
3103879,306.0
3103899,306.0
3103910,306.0
3103917,306.0
3103927,309.0
3103955,305.0
3103959,306.0
3103964,308.0
3103984,309.0
3103991,309.0
3104001,311.0
3104013,311.0
3104021,313.0
3104072,310.0
3104155,310.0
3104170,310.0
3104228,308.0
3104233,306.0
3104355,302.0
3104391,301.0
3104394,299.0
3104402,297.0
3104413,295.0
3104425,294.0
3104436,293.0
3104446,293.0
3104457,294.0
3104468,292.0
3104480,292.0
3104485,292.0
3104497,293.0
3104504,292.0
3104513,291.0
3104522,292.0
3104536,293.0
3104543,289.0
3104555,290.0
3104561,292.0
3104575,292.0
3104586,293.0
3104605,294.0
3104610,295.0
3104619,297.0
3104629,291.0
3104638,290.0
3104651,292.0
3104665,289.0
3104683,289.0
3104691,289.0
3104702,286.0
3104713,289.0
3104718,286.0
3104746,287.0
3104750,285.0
3104776,284.0
3104789,283.0
3104797,283.0
3104809,283.0
3104818,287.0
3104828,286.0
3104855,289.0
3104892,289.0
3104920,290.0
3104924,294.0
3104933,297.0
3104977,297.0
3105002,301.0
3105006,300.0
3105033,298.0
3105037,301.0
3105163,296.0
3105203,294.0
3105254,295.0
3105268,300.0
3105315,300.0
3105320,298.0
3105327,297.0
3105348,298.0
3105351,300.0
3105395,305.0
3105411,304.0
3105426,301.0
3105437,299.0
3105459,299.0
3105466,294.0
3105527,293.0
3105532,296.0
3105538,293.0
3105544,292.0
3105550,293.0
3105556,294.0
3105562,293.0
3105568,294.0
3105574,293.0
3105582,293.0
3105597,291.0
3105604,289.0
3105612,290.0
3105623,290.0
3105629,290.0
3105639,292.0
3105650,292.0
3105659,296.0
3105668,295.0
3105677,295.0
3105689,295.0
3105696,297.0
3105703,297.0
3105713,293.0
3105721,288.0
3105730,290.0
3105739,284.0
3105748,283.0
3105758,283.0
3105767,285.0
3105788,289.0
3105796,289.0
3105805,290.0
3105817,295.0
3105829,295.0
3105839,295.0
3105861,297.0
3105871,300.0
3105879,300.0
3105900,300.0
3105909,301.0
3105918,305.0
3105927,302.0
3105937,302.0
3105959,302.0
3105981,302.0
3105995,300.0
3105999,301.0
3106004,301.0
3106014,302.0
3106023,301.0
3106032,302.0
3106055,305.0
3106065,305.0
3106078,307.0
3106092,309.0
3106113,308.0
3106118,309.0
3106125,305.0
3106133,306.0
3106141,306.0
3106163,306.0
3106173,307.0
3106182,308.0
3106192,306.0
3106213,308.0
3106243,307.0
3106247,308.0
3106263,308.0
3106267,308.0
3106284,309.0
3106288,306.0
3106302,305.0
3106306,307.0
3106325,304.0
3106330,303.0
3106346,301.0
3106364,302.0
3106371,301.0
3106387,299.0
3106393,297.0
3106415,301.0
3106421,296.0
3106435,295.0
3106454,295.0
3106458,295.0
3106479,295.0
3106494,294.0
3106504,295.0
3106513,297.0
3106522,292.0
3106531,292.0
3106538,292.0
3106548,291.0
3106557,291.0
3106566,291.0
3106577,290.0
3106597,291.0
3106607,288.0
3106616,291.0
3106625,289.0
3106646,288.0
3106656,289.0
3106664,289.0
3106676,289.0
3106684,290.0
3106707,289.0
3106723,288.0
3106732,287.0
3106744,286.0
3106752,289.0
3106764,287.0
3106771,286.0
3106791,289.0
3106801,288.0
3106830,287.0
3106834,287.0
3106842,287.0
3106851,288.0
3106859,288.0
3106868,287.0
3106885,291.0
3106893,285.0
3106912,287.0
3106924,288.0
3106932,290.0
3106940,289.0
3106961,287.0
3106971,288.0
3106983,291.0
3106991,289.0
3107001,288.0
3107036,293.0
3107040,288.0
3107044,287.0
3107053,286.0
3107061,280.0
3107085,275.0
3107090,268.0
3107102,267.0
3107111,264.0
3107130,262.0
3107141,260.0
3107180,260.0
3107186,259.0
3107194,262.0
3107203,261.0
3107214,261.0
3107226,260.0
3107232,256.0
3107242,254.0
3107250,252.0
3107259,248.0
3107282,249.0
3107293,250.0
3107300,253.0
3107307,252.0
3107338,256.0
3107343,262.0
3107347,263.0
3107355,263.0
3107367,275.0
3107387,281.0
3107396,285.0
3107406,290.0
3107415,295.0
3107436,299.0
3107442,301.0
3107452,303.0
3107463,306.0
3107483,302.0
3107493,303.0
3107500,306.0
3107512,310.0
3107531,306.0
3107540,302.0
3107550,300.0
3107560,298.0
3107582,290.0
3107590,285.0
3107601,286.0
3107610,282.0
3107620,279.0
3107640,279.0
3107649,275.0
3107659,275.0
3107687,270.0
3107691,270.0
3107701,266.0
3107709,265.0
3107719,264.0
3107729,267.0
3107749,268.0
3107759,270.0
3107767,272.0
3107776,272.0
3107798,272.0
3107806,273.0
3107815,276.0
3107827,275.0
3107838,275.0
3107861,280.0
3107869,276.0
3107875,276.0
3107893,278.0
3107904,281.0
3107911,281.0
3107922,280.0
3107945,279.0
3107953,283.0
3107962,277.0
3107970,277.0
3107996,277.0
3108004,276.0
3108013,274.0
3108022,272.0
3108032,271.0
3108051,271.0
3108062,267.0
3108070,266.0
3108079,266.0
3108102,264.0
3108110,265.0
3108119,267.0
3108129,267.0
3108163,268.0
3108168,264.0
3108172,267.0
3108180,268.0
3108188,271.0
3108211,275.0
3108218,278.0
3108227,277.0
3108236,280.0
3108258,281.0
3108267,282.0
3108276,282.0
3108296,283.0
3108317,286.0
3108321,285.0
3108328,285.0
3108339,288.0
3108368,285.0
3108373,286.0
3108382,285.0
3108391,287.0
3108403,287.0
3108409,287.0
3108419,287.0
3108438,292.0
3108474,288.0
3108478,287.0
3108483,287.0
3108488,288.0
3108497,288.0
3108506,288.0
3108516,291.0
3108537,293.0
3108553,290.0
3108556,289.0
3108564,291.0
3108583,291.0
3108623,293.0
3108627,296.0
3108631,297.0
3108639,298.0
3108647,294.0
3108659,297.0
3108666,296.0
3108676,300.0
3108690,302.0
3108719,305.0
3108723,304.0
3108733,307.0
3108741,307.0
3108761,306.0
3108768,307.0
3108781,307.0
3108788,310.0
3108797,308.0
3108807,307.0
3108830,307.0
3108836,306.0
3108849,307.0
3108861,309.0
3108869,311.0
3108879,313.0
3108898,313.0
3108907,314.0
3108916,319.0
3108927,315.0
3108947,316.0
3108957,315.0
3108965,315.0
3108975,312.0
3108995,310.0
3109005,308.0
3109015,307.0
3109023,301.0
3109044,297.0
3109055,294.0
3109070,291.0
3109096,288.0
3109100,286.0
3109106,284.0
3109115,283.0
3109124,279.0
3109135,280.0
3109144,278.0
3109169,277.0
3109174,279.0
3109185,279.0
3109193,277.0
3109213,279.0
3109222,277.0
3109234,277.0
3109241,276.0
3109257,278.0
3109284,280.0
3109289,278.0
3109311,279.0
3109315,283.0
3109324,282.0
3109329,281.0
3109339,281.0
3109350,281.0
3109371,281.0
3109379,279.0
3109388,278.0
3109397,281.0
3109418,274.0
3109426,273.0
3109438,272.0
3109447,271.0
3109471,269.0
3109476,271.0
3109488,277.0
3109494,281.0
3109525,282.0
3109530,285.0
3109535,289.0
3109562,292.0
3109568,298.0
3109579,304.0
3109585,310.0
3109627,317.0
3109633,322.0
3109640,341.0
3109653,360.0
3109703,377.0
3109710,394.0
3109736,411.0
3109742,420.0
3109748,434.0
3109760,441.0
3109768,450.0
3109778,457.0
3109786,463.0
3109795,474.0
3109803,476.0
3109811,479.0
3109822,487.0
3109832,488.0
3109840,489.0
3109850,492.0
3109859,497.0
3109867,499.0
3109889,500.0
3109894,502.0
3109900,509.0
3109905,504.0
3109915,504.0
3109922,507.0
3109930,509.0
3109954,509.0
3109960,509.0
3109971,511.0
3110007,514.0
3110012,510.0
3110019,509.0
3110026,513.0
3110031,511.0
3110041,513.0
3110085,513.0
3110089,514.0
3110093,516.0
3110116,511.0
3110123,515.0
3110126,513.0
3110130,513.0
3110141,514.0
3110149,516.0
3110169,515.0
3110179,516.0
3110188,514.0
3110195,515.0
3110216,514.0
3110225,513.0
3110235,517.0
3110244,515.0
3110265,515.0
3110275,518.0
3110285,515.0
3110302,513.0
3110314,514.0
3110323,514.0
3110334,517.0
3110349,516.0
3110363,515.0
3110372,520.0
3110384,514.0
3110497,515.0
3110504,515.0
3110508,516.0
3110514,515.0
3110519,515.0
3110529,516.0
3110629,519.0
3110636,514.0
3110644,514.0
3110656,514.0
3110669,516.0
3110765,515.0
3110771,515.0
3110790,514.0
3110901,518.0
3110909,515.0
3110917,515.0
3110926,519.0
3110937,516.0
3111036,514.0
3111042,514.0
3111049,517.0
3111056,516.0
3111066,515.0
3111081,518.0
3111179,520.0
3111186,515.0
3111197,514.0
3111207,514.0
3111310,516.0
3111317,517.0
3111325,516.0
3111334,518.0
3111345,520.0
3111441,513.0
3111447,515.0
3111456,514.0
3111467,513.0
3111476,516.0
3111531,516.0
3111537,514.0
3111544,521.0
3111553,514.0
3111563,517.0
3111573,515.0
3111705,515.0
3111717,518.0
3111729,516.0
3111740,517.0
3111870,519.0
3111875,515.0
3111882,516.0
3111892,516.0
3111903,516.0
3112036,516.0
3112045,517.0
3112054,516.0
3112063,521.0
3112073,516.0
3112205,518.0
3112214,516.0
3112225,516.0
3112237,516.0
3112251,518.0
3112375,519.0
3112390,520.0
3112399,515.0
3112410,514.0
3112548,516.0
3112559,516.0
3112570,517.0
3112582,518.0
3112713,517.0
3112719,520.0
3112726,515.0
3112737,518.0
3112744,515.0
3112889,516.0
3112901,516.0
3112918,518.0
3112929,516.0
3113060,520.0
3113073,513.0
3113084,513.0
3113095,518.0
3113392,515.0
3113403,517.0
3113421,517.0
3113565,517.0
3113575,518.0
3113586,516.0
3113597,517.0
3113729,516.0
3113735,517.0
3113772,516.0
3113904,516.0
3113913,517.0
3114068,521.0
3114075,514.0
3114241,517.0
3114251,516.0
3114412,518.0
3114422,518.0
3114435,515.0
3114445,518.0
3114456,519.0
3114544,517.0
3114551,515.0
3114574,516.0
3114580,518.0
3114590,517.0
3114622,517.0
3114634,515.0
3114640,521.0
3114653,515.0
3114664,515.0
3114672,515.0
3114679,516.0
3114687,517.0
3114698,518.0
3114704,516.0
3114712,518.0
3114723,516.0
3114733,516.0
3114750,516.0
3114763,515.0
3114770,518.0
3114775,516.0
3114810,516.0
3114824,520.0
3114834,517.0
3114861,514.0
3114893,514.0
3114915,517.0
3114935,517.0
3114950,515.0
3114967,515.0
3114993,522.0
3115018,515.0
3115022,515.0
3115044,516.0
3115060,515.0
3115064,517.0
3115075,519.0
3115081,514.0
3115155,514.0
3115159,517.0
3115163,515.0
3115173,518.0
3115217,520.0
3115244,517.0
3115265,516.0
3115291,516.0
3115323,519.0
3115327,516.0
3115339,516.0
3115361,515.0
3115365,514.0
3115390,519.0
3115413,516.0
3115420,519.0
3115431,519.0
3115456,514.0
3115482,516.0
3115499,516.0
3115543,515.0
3115549,516.0
3115556,517.0
3115568,516.0
3115575,519.0
3115586,516.0
3115610,515.0
3115617,517.0
3115624,516.0
3115632,517.0
3115640,516.0
3115648,516.0
3115656,521.0
3115665,514.0
3115679,515.0
3115694,515.0
3115701,495.0
3115708,497.0
3115719,502.0
3115725,502.0
3115733,509.0
3115745,506.0
3115750,462.0
3115760,410.0
3115765,364.0
3115775,311.0
3115783,276.0
3115794,258.0
3115820,238.0
3115871,210.0
3115877,186.0
3115901,166.0
3115926,149.0
3115930,161.0
3115964,141.0
3115968,122.0
3115988,111.0
3116069,97.0
3116148,74.0
3116175,66.0
3116190,56.0
3116208,41.0
3116219,27.0
3116239,24.0
3116243,20.0
3116248,18.0
3116260,16.0
3116264,16.0
3116286,15.0
3116303,14.0
3116318,13.0
3116323,13.0
3116334,14.0
3116341,12.0
3116351,11.0
3116370,10.0
3116381,17.0
3116387,17.0
3116398,22.0
3116425,26.0
3116432,48.0
3116445,62.0
3116458,66.0
3116466,59.0
3116475,53.0
3116485,47.0
3116510,43.0
3116520,44.0
3116524,71.0
3116558,79.0
3116571,69.0
3116584,62.0
3116589,55.0
3116595,49.0
3116603,95.0
3116629,144.0
3116637,185.0
3116650,172.0
3116675,167.0
3116699,173.0
3116735,160.0
3116739,142.0
3116759,126.0
3116771,111.0
3116783,100.0
3116795,87.0
3116814,78.0
3116820,70.0
3116824,62.0
3116838,55.0
3116907,49.0
3116914,45.0
3116950,29.0
3116972,27.0
3117008,20.0
3117011,17.0
3117041,16.0
3117076,13.0
3117096,11.0
3117100,12.0
3117104,10.0
3117273,9.0
3117281,9.0
3117291,11.0
3117300,11.0
3117307,11.0
3117315,11.0
3117328,11.0
3117369,10.0
3117374,10.0
3117386,10.0
3117399,9.0
3117435,9.0
3117473,11.0
3117480,9.0
3117487,10.0
3117495,8.0
3117539,8.0
3117579,8.0
3117586,7.0
3117593,7.0
3117599,7.0
3117606,6.0
3117612,8.0
3117627,7.0
3117647,8.0
3117658,7.0
3117714,7.0
3117720,7.0
3117733,7.0
3117750,8.0
3117755,9.0
3117776,7.0
3117796,7.0
3117813,7.0
3117819,8.0
3117832,7.0
3117854,8.0
3117860,7.0
3117905,8.0
3117920,8.0
3117924,7.0
3117950,7.0
3117962,7.0
3117992,7.0
3118014,7.0
3118021,7.0
3118041,9.0
3118076,7.0
3118166,7.0
3118177,7.0
3118183,8.0
3118188,8.0
3118196,8.0
3118207,8.0
3118215,8.0
3118224,7.0
3118233,7.0
3118241,7.0
3118251,8.0
3118262,8.0
3118269,7.0
3118282,7.0
3118286,10.0
3118306,7.0
3118315,7.0
3118325,8.0
3118346,7.0
3118354,8.0
3118365,7.0
3118397,7.0
3118405,8.0
3118420,7.0
3118440,8.0
3118447,8.0
3118455,7.0
3118481,7.0
3118490,9.0
3118502,8.0
3118565,8.0
3118580,8.0
3118591,8.0
3118614,8.0
3118646,8.0
3118656,8.0
3118678,8.0
3118680,9.0
3118686,8.0
3118691,8.0
3118699,8.0
3118709,8.0
3118718,8.0
3118726,8.0
3118735,8.0
3118745,8.0
3118756,8.0
3118764,8.0
3118797,7.0
3118801,7.0
3118805,8.0
3118815,8.0
3118823,59.0
3118846,115.0
3118875,159.0
3118881,201.0
3118907,239.0
3118928,287.0
3118961,314.0
3118987,337.0
3119009,363.0
3119155,410.0
3119159,425.0
3119258,438.0
3119285,446.0
3119329,473.0
3119338,477.0
3119379,487.0
3119419,513.0
3119426,517.0
3119450,515.0
3119458,515.0
3119466,517.0
3119473,515.0
3119479,517.0
3119496,517.0
3119507,516.0
3119528,519.0
3119540,516.0
3119559,517.0
3119564,516.0
3119602,518.0
3119619,517.0
3119630,517.0
3119641,518.0
3119645,521.0
3119680,515.0
3119686,516.0
3119704,517.0
3119708,516.0
3119730,519.0
3119736,517.0
3119745,518.0
3119772,519.0
3119779,516.0
3119834,515.0
3119854,516.0
3119881,516.0
3119906,516.0
3119934,516.0
3119938,516.0
3119978,517.0
3119982,508.0
3120010,498.0
3120014,502.0
3120056,504.0
3120081,505.0
3120085,508.0
3120101,507.0
3120123,513.0
3120128,510.0
3120149,510.0
3120153,509.0
3120166,510.0
3120171,510.0
3120177,512.0
3120188,510.0
3120201,514.0
3120209,509.0
3120218,512.0
3120226,506.0
3120235,500.0
3120253,493.0
3120263,474.0
3120274,442.0
3120287,413.0
3120305,365.0
3120313,323.0
3120350,286.0
3120354,253.0
3120359,226.0
3120365,200.0
3120374,179.0
3120383,160.0
3120392,141.0
3120402,126.0
3120411,112.0
3120458,100.0
3120462,90.0
3120473,80.0
3120493,72.0
3120521,65.0
3120555,58.0
3120559,52.0
3120600,47.0
3120615,42.0
3120627,38.0
3120749,16.0
3120754,17.0
3120762,15.0
3120771,14.0
3120779,13.0
3120792,13.0
3120801,12.0
3120822,12.0
3120842,11.0
3120851,12.0
3120870,10.0
3120880,10.0
3120885,9.0
3120909,9.0
3120940,9.0
3120944,8.0
3120959,9.0
3120968,10.0
3120980,8.0
3120987,8.0
3121002,8.0
3121023,8.0
3121030,7.0
3121074,8.0
3121082,8.0
3121146,8.0
3121172,7.0
3121229,8.0
3121238,7.0
3121263,7.0
3121272,7.0
3121281,7.0
3121291,6.0
3121300,8.0
3121305,6.0
3121317,6.0
3121325,7.0
3121332,7.0
3121341,7.0
3121354,7.0
3121358,7.0
3121372,8.0
3121378,7.0
3121386,7.0
3121402,7.0
3121407,7.0
3121415,6.0
3121422,6.0
3121436,7.0
3121465,7.0
3121474,7.0
3121484,7.0
3121663,7.0
3121667,7.0
3121687,7.0
3121695,7.0
3121699,7.0
3121723,7.0
3121738,7.0
3121777,8.0
3121783,6.0
3121798,7.0
3121804,7.0
3121817,7.0
3121821,7.0
3121865,7.0
3121868,7.0
3121872,7.0
3121878,6.0
3121887,6.0
3121897,8.0
3121906,7.0
3121914,8.0
3121924,6.0
3121935,6.0
3121945,7.0
3121952,6.0
3121967,7.0
3121976,7.0
3121982,7.0
3121991,8.0
3121999,7.0
3122009,7.0
3122018,7.0
3122027,7.0
3122044,7.0
3122052,7.0
3122059,6.0
3122066,8.0
3122076,6.0
3122089,7.0
3122096,7.0
3122107,7.0
3122114,7.0
3122122,7.0
3122132,7.0
3122142,7.0
3122151,7.0
3122159,7.0
3122170,7.0
3122182,7.0
3122191,7.0
3122213,7.0
3122224,6.0
3122232,7.0
3122242,7.0
3122253,6.0
3122273,7.0
3122283,6.0
3122293,7.0
3122301,7.0
3122321,7.0
3122330,7.0
3122342,7.0
3122350,7.0
3122372,6.0
3122379,7.0
3122388,8.0
3122404,6.0
3122420,7.0
3122429,8.0
3122438,7.0
3122449,7.0
3122458,6.0
3122478,7.0
3122493,7.0
3122497,6.0
3122513,7.0
3122520,7.0
3122565,7.0
3122570,7.0
3122574,6.0
3122583,6.0
3122592,7.0
3122602,7.0
3122614,7.0
3122618,8.0
3122634,7.0
3122649,7.0
3122662,6.0
3122671,6.0
3122699,7.0
3122706,6.0
3122711,6.0
3122719,8.0
3122730,7.0
3122740,7.0
3122747,7.0
3122770,7.0
3122784,7.0
3122789,7.0
3122797,7.0
3122807,8.0
3122829,7.0
3122839,6.0
3122847,7.0
3122859,7.0
3122878,7.0
3122890,7.0
3122897,7.0
3122912,8.0
3122926,7.0
3122935,7.0
3122944,7.0
3122955,6.0
3122974,7.0
3122988,7.0
3122993,7.0
3123000,8.0
3123022,7.0
3123035,6.0
3123042,7.0
3123060,7.0
3123068,7.0
3123077,7.0
3123107,7.0
3123112,8.0
3123116,7.0
3123125,7.0
3123137,7.0
3123154,7.0
3123165,6.0
3123174,7.0
3123182,7.0
3123204,8.0
3123213,6.0
3123221,6.0
3123230,6.0
3123271,6.0
3123276,7.0
3123282,6.0
3123298,7.0
3123302,8.0
3123308,6.0
3123317,7.0
3123326,7.0
3123348,7.0
3123358,7.0
3123367,6.0
3123379,7.0
3123400,8.0
3123407,6.0
3123418,6.0
3123425,6.0
3123440,6.0
3123457,7.0
3123468,6.0
3123476,7.0
3123485,7.0
3123505,6.0
3123513,6.0
3123521,6.0
3123544,7.0
3123551,7.0
3123560,7.0
3123573,7.0
3123590,8.0
3123626,7.0
3123632,7.0
3123643,7.0
3123653,6.0
3123665,7.0
3123673,7.0
3123680,8.0
3123689,8.0
3123697,6.0
3123707,7.0
3123720,7.0
3123743,7.0
3123755,6.0
3123762,7.0
3123766,6.0
3123774,8.0
3123796,7.0
3123808,7.0
3123813,7.0
3123823,7.0
3123845,7.0
3123852,6.0
3123861,6.0
3123870,8.0
3123891,7.0
3123900,6.0
3123910,7.0
3123919,6.0
3123940,7.0
3123950,6.0
3123958,6.0
3123987,9.0
3123992,6.0
3123999,6.0
3124037,7.0
3124041,7.0
3124045,7.0
3124051,6.0
3124060,7.0
3124071,8.0
3124081,6.0
3124089,7.0
3124109,7.0
3124121,7.0
3124128,6.0
3124141,7.0
3124147,7.0
3124169,7.0
3124178,6.0
3124188,6.0
3124197,6.0
3124234,7.0
3124240,6.0
3124246,6.0
3124253,6.0
3124263,8.0
3124272,6.0
3124281,7.0
3124303,6.0
3124312,7.0
3124321,7.0
3124330,7.0
3124374,7.0
3124380,8.0
3124390,7.0
3124397,6.0
3124406,7.0
3124415,7.0
3124435,6.0
3124442,7.0
3124450,7.0
3124463,7.0
3124470,7.0
3124478,7.0
3124497,7.0
3124508,6.0
3124516,6.0
3124538,7.0
3124544,7.0
3124555,8.0
3124563,7.0
3124573,7.0
3124582,7.0
3124607,7.0
3124613,6.0
3124625,7.0
3124632,7.0
3124653,8.0
3124666,6.0
3124671,7.0
3124684,6.0
3124702,7.0
3124711,6.0
3124720,7.0
3124731,6.0
3124747,8.0
3124752,6.0
3124773,6.0
3124783,6.0
3124793,7.0
3124802,6.0
3124816,7.0
3124824,7.0
3124845,8.0
3124855,6.0
3124864,7.0
3124872,7.0
3124893,7.0
3124906,6.0
3124915,7.0
3124922,7.0
3124938,8.0
3124954,6.0
3124964,6.0
3124972,6.0
3124981,6.0
3125018,7.0
3125022,6.0
3125029,7.0
3125061,8.0
3125066,7.0
3125070,6.0
3125078,6.0
3125085,7.0
3125096,6.0
3125116,7.0
3125125,7.0
3125140,9.0
3125169,6.0
3125173,7.0
3125178,6.0
3125188,7.0
3125198,7.0
3125208,7.0
3125224,7.0
3125235,7.0
3125260,7.0
3125266,7.0
3125273,6.0
3125280,6.0
3125289,6.0
3125301,7.0
3125322,7.0
3125330,8.0
3125343,6.0
3125352,7.0
3125370,6.0
3125379,6.0
3125389,7.0
3125397,7.0
3125419,7.0
3125427,7.0
3125437,6.0
3125449,6.0
3125465,7.0
3125474,6.0
3125483,7.0
3125493,7.0
3125516,7.0
3125528,7.0
3125535,6.0
3125542,6.0
3125564,6.0
3125577,6.0
3125582,6.0
3125591,7.0
3125610,7.0
3125620,8.0
3125630,7.0
3125639,7.0
3125663,7.0
3125668,6.0
3125676,7.0
3125685,7.0
3125714,6.0
3125725,7.0
3125730,6.0
3125736,7.0
3125746,6.0
3125766,6.0
3125776,7.0
3125784,6.0
3125795,7.0
3125824,8.0
3125829,6.0
3125834,7.0
3125842,7.0
3125864,7.0
3125873,6.0
3125882,7.0
3125891,7.0
3125926,8.0
3125931,6.0
3125938,7.0
3125945,7.0
3125959,7.0
3125987,6.0
3125991,7.0
3125995,7.0
3126004,7.0
3126013,5.0
3126034,6.0
3126043,7.0
3126052,7.0
3126069,7.0
3126087,6.0
3126093,6.0
3126102,7.0
3126113,6.0
3126121,6.0
3126142,7.0
3126152,6.0
3126173,6.0
3126179,7.0
3126190,7.0
3126199,7.0
3126209,5.0
3126220,7.0
3126238,6.0
3126247,6.0
3126255,7.0
3126267,7.0
3126291,7.0
3126296,7.0
3126304,7.0
3126313,7.0
3126335,7.0
3126345,7.0
3126354,7.0
3126362,7.0
3126385,7.0
3126393,8.0
3126401,6.0
3126410,7.0
3126434,7.0
3126440,7.0
3126449,6.0
3126460,7.0
3126475,7.0
3126484,8.0
3126494,6.0
3126518,7.0
3126525,7.0
3126534,7.0
3126544,7.0
3126556,7.0
3126591,6.0
3126597,7.0
3126601,6.0
3126610,7.0
3126620,6.0
3126628,7.0
3126648,7.0
3126663,6.0
3126668,7.0
3126681,8.0
3126698,6.0
3126709,7.0
3126715,7.0
3126724,7.0
3126752,7.0
3126756,7.0
3126763,7.0
3126779,8.0
3126792,7.0
3126802,6.0
3126811,7.0
3126820,7.0
3126842,7.0
3126852,7.0
3126861,7.0
3126870,7.0
3126890,6.0
3126901,6.0
3126909,7.0
3126918,7.0
3126939,7.0
3126953,7.0
3126959,7.0
3126967,8.0
3127001,6.0
3127005,7.0
3127013,6.0
3127021,6.0
3127030,7.0
3127067,7.0
3127072,7.0
3127076,7.0
3127085,6.0
3127111,6.0
3127116,7.0
3127122,6.0
3127153,7.0
3127163,6.0
3127168,7.0
3127172,8.0
3127178,6.0
3127194,6.0
3127199,6.0
3127239,7.0
3127250,6.0
3127254,7.0
3127259,7.0
3127269,8.0
3127277,6.0
3127291,6.0
3127296,7.0
3127305,7.0
3127314,6.0
3127335,7.0
3127345,7.0
3127353,8.0
3127364,6.0
3127396,6.0
3127400,6.0
3127404,7.0
3127421,7.0
3127438,7.0
3127442,7.0
3127469,8.0
3127474,6.0
3127478,7.0
3127485,6.0
3127508,6.0
3127513,7.0
3127523,6.0
3127532,6.0
3127555,7.0
3127565,6.0
3127573,7.0
3127583,7.0
3127602,6.0
3127611,6.0
3127620,6.0
3127630,7.0
3127653,8.0
3127658,6.0
3127670,7.0
3127678,7.0
3127729,7.0
3127736,6.0
3127743,7.0
3127750,7.0
3127759,8.0
3127770,6.0
3127778,7.0
3127786,6.0
3127796,7.0
3127825,7.0
3127831,6.0
3127837,7.0
3127843,8.0
3127849,7.0
3127859,6.0
3127889,7.0
3127893,6.0
3127898,6.0
3127923,7.0
3127929,7.0
3127935,8.0
3127949,6.0
3127964,7.0
3127974,6.0
3127982,6.0
3127993,7.0
3128012,7.0
3128021,7.0
3128031,8.0
3128040,7.0
3128063,7.0
3128071,6.0
3128081,6.0
3128089,6.0
3128109,7.0
3128114,6.0
3128125,7.0
3128145,7.0
3128156,6.0
3128163,6.0
3128172,7.0
3128195,7.0
3128204,6.0
3128215,7.0
3128223,8.0
3128241,6.0
3128251,6.0
3128259,7.0
3128269,7.0
3128304,7.0
3128308,6.0
3128319,7.0
3128327,7.0
3128335,7.0
3128345,7.0
3128354,6.0
3128371,6.0
3128382,7.0
3128391,7.0
3128401,6.0
3128423,7.0
3128432,6.0
3128443,7.0
3128450,6.0
3128494,7.0
3128498,7.0
3128506,7.0
3128522,6.0
3128527,8.0
3128532,7.0
3128538,7.0
3128549,7.0
3128568,7.0
3128577,7.0
3128588,7.0
3128596,7.0
3128616,8.0
3128626,7.0
3128635,6.0
3128643,7.0
3128667,7.0
3128675,6.0
3128683,6.0
3128692,7.0
3128703,7.0
3128732,7.0
3128737,7.0
3128742,7.0
3128760,7.0
3128771,6.0
3128782,7.0
3128792,6.0
3128815,7.0
3128824,6.0
3128845,7.0
3128849,6.0
3128854,6.0
3128862,7.0
3128879,6.0
3128897,7.0
3128904,7.0
3128912,6.0
3128921,7.0
3128966,7.0
3128970,6.0
3128974,7.0
3128983,6.0
3128998,6.0
3129003,8.0
3129037,7.0
3129041,7.0
3129050,6.0
3129059,7.0
3129069,7.0
3129077,7.0
3129093,7.0
3129103,7.0
3129108,7.0
3129114,6.0
3129137,7.0
3129143,7.0
3129151,7.0
3129171,7.0
3129180,7.0
3129188,7.0
3129207,6.0
3129216,6.0
3129224,6.0
3129243,7.0
3129253,6.0
3129261,7.0
3129271,6.0
3129293,8.0
3129301,7.0
3129313,7.0
3129320,6.0
3129342,52.0
3129346,109.0
3129364,159.0
3129374,198.0
3129383,236.0
3129392,269.0
3129430,298.0
3129436,321.0
3129446,344.0
3129455,367.0
3129463,381.0
3129472,396.0
3129482,418.0
3129495,428.0
3129500,439.0
3129522,451.0
3129531,450.0
3129542,453.0
3129549,460.0
3129563,466.0
3129572,432.0
3129594,379.0
3129604,336.0
3129613,298.0
3129623,264.0
3129632,240.0
3129681,214.0
3129685,193.0
3129691,176.0
3129701,164.0
3129709,163.0
3129720,188.0
3129730,206.0
3129739,217.0
3129748,230.0
3129780,244.0
3129786,247.0
3129790,250.0
3129799,256.0
3129807,275.0
3129821,298.0
3129851,319.0
3129856,340.0
3129860,355.0
3129867,359.0
3129902,372.0
3129906,385.0
3129910,397.0
3129921,406.0
3129930,418.0
3129939,423.0
3129953,429.0
3129969,438.0
3129977,440.0
3129986,445.0
3129998,450.0
3130020,455.0
3130027,459.0
3130036,463.0
3130044,466.0
3130071,473.0
3130079,469.0
3130083,473.0
3130093,473.0
3130117,477.0
3130126,477.0
3130135,478.0
3130144,480.0
3130158,483.0
3130175,480.0
3130194,479.0
3130202,482.0
3130213,481.0
3130220,481.0
3130232,480.0
3130241,481.0
3130270,484.0
3130277,479.0
3130283,480.0
3130290,474.0
3130298,471.0
3130329,467.0
3130334,464.0
3130338,458.0
3130350,438.0
3130386,402.0
3130390,370.0
3130396,337.0
3130408,311.0
3130414,302.0
3130424,281.0
3130434,269.0
3130444,287.0
3130482,300.0
3130486,312.0
3130492,324.0
3130499,333.0
3130542,340.0
3130547,350.0
3130551,357.0
3130560,368.0
3130569,368.0
3130578,373.0
3130585,379.0
3130595,388.0
3130604,393.0
3130613,393.0
3130653,390.0
3130658,393.0
3130668,399.0
3130676,410.0
3130688,419.0
3130694,383.0
3130702,340.0
3130711,300.0
3130732,265.0
3130743,237.0
3130753,261.0
3130761,291.0
3130773,315.0
3130784,337.0
3130813,358.0
3130817,376.0
3130825,391.0
3130832,407.0
3130853,414.0
3130862,425.0
3130890,430.0
3130913,435.0
3130920,435.0
3130924,428.0
3130941,419.0
3130963,413.0
3130982,404.0
3130987,395.0
3131008,385.0
3131037,376.0
3131082,351.0
3131089,317.0
3131095,282.0
3131120,252.0
3131126,220.0
3131136,195.0
3131148,174.0
3131156,154.0
3131165,138.0
3131175,122.0
3131185,109.0
3131194,99.0
3131204,86.0
3131212,77.0
3131220,68.0
3131242,62.0
3131246,55.0
3131255,54.0
3131264,65.0
3131272,63.0
3131293,63.0
3131297,93.0
3131303,94.0
3131311,84.0
3131319,74.0
3131330,68.0
3131338,70.0
3131346,69.0
3131358,65.0
3131365,64.0
3131374,63.0
3131387,59.0
3131392,54.0
3131401,48.0
3131410,44.0
3131420,39.0
3131439,34.0
3131451,30.0
3131460,27.0
3131468,25.0
3131478,22.0
3131506,21.0
3131515,19.0
3131550,18.0
3131561,16.0
3131566,14.0
3131570,13.0
3131574,12.0
3131584,12.0
3131599,11.0
3131613,10.0
3131623,11.0
3131632,8.0
3131640,9.0
3131685,8.0
3131689,8.0
3131694,8.0
3131704,7.0
3131729,7.0
3131733,9.0
3131741,6.0
3131750,6.0
3131761,6.0
3131769,6.0
3131780,6.0
3131789,7.0
3131799,6.0
3131805,6.0
3131821,5.0
3131831,6.0
3131840,6.0
3131865,5.0
3131870,6.0
3131879,5.0
3131890,5.0
3131911,6.0
3131920,5.0
3131930,5.0
3131938,5.0
3131960,5.0
3131969,5.0
3131978,5.0
3131988,5.0
3132008,6.0
3132018,5.0
3132026,5.0
3132035,5.0
3132045,5.0
3132069,5.0
3132077,5.0
3132087,5.0
3132114,6.0
3132120,5.0
3132137,5.0
3132142,5.0
3132161,6.0
3132173,5.0
3132178,6.0
3132186,5.0
3132192,6.0
3132218,5.0
3132226,5.0
3132234,5.0
3132244,5.0
3132253,5.0
3132262,4.0
3132286,5.0
3132293,6.0
3132302,5.0
3132341,5.0
3132346,4.0
3132352,4.0
3132362,5.0
3132369,5.0
3132446,5.0
3132451,5.0
3132475,5.0
3132480,5.0
3132533,5.0
3132568,5.0
3132572,5.0
3132574,5.0
3132603,4.0
3132620,4.0
3132630,5.0
3132649,5.0
3132656,6.0
3132669,5.0
3132673,5.0
3132689,5.0
3132699,5.0
3132704,5.0
3132711,4.0
3132722,5.0
3132733,5.0
3132741,5.0
3132749,6.0
3132759,5.0
3132770,4.0
3132777,5.0
3132790,4.0
3132798,5.0
3132806,5.0
3132835,4.0
3132841,6.0
3132845,5.0
3132854,5.0
3132870,4.0
3132874,4.0
3132886,4.0
3132899,5.0
3132916,4.0
3132925,6.0
3132930,4.0
3132938,5.0
3132945,5.0
3132955,5.0
3132972,5.0
3132977,5.0
3132982,4.0
3132993,6.0
3133004,5.0
3133017,5.0
3133040,5.0
3133044,5.0
3133052,5.0
3133118,5.0
3133122,5.0
3133190,7.0
3133239,4.0
3133243,5.0
3133247,4.0
3133251,5.0
3133292,5.0
3133313,6.0
3133413,5.0
3133480,5.0
3133580,6.0
3133583,4.0
3133586,5.0
3133591,5.0
3133598,4.0
3133601,5.0
3133609,5.0
3133617,4.0
3133625,5.0
3133631,5.0
3133645,4.0
3133661,5.0
3133667,4.0
3133685,4.0
3133695,4.0
3133705,4.0
3133733,5.0
3133774,4.0
3133778,5.0
3133807,5.0
3133815,5.0
3133832,5.0
3133847,5.0
3133873,5.0
3133901,5.0
3133913,4.0
3133977,4.0
3133993,4.0
3134006,4.0
3134044,4.0
3134058,5.0
3134072,5.0
3134084,5.0
3134097,5.0
3134200,4.0
3134210,4.0
3134215,4.0
3134221,5.0
3134231,5.0
3134241,5.0
3134261,4.0
3134266,4.0
3134274,4.0
3134281,4.0
3134288,4.0
3134297,5.0
3134307,4.0
3134316,6.0
3134327,4.0
3134336,4.0
3134345,4.0
3134356,4.0
3134364,4.0
3134409,4.0
3134424,4.0
3134431,5.0
3134448,5.0
3134455,4.0
3134467,4.0
3134482,4.0
3134501,5.0
3134509,4.0
3134523,5.0
3134530,4.0
3134559,6.0
3134585,5.0
3134590,5.0
3134608,4.0
3134631,5.0
3134638,4.0
3134668,4.0
3134694,4.0
3134716,6.0
3134724,5.0
3134731,5.0
3134747,5.0
3134752,4.0
3134773,4.0
3134778,5.0
3134911,4.0
3134957,6.0
3134988,4.0
3134993,5.0
3135002,5.0
3135025,4.0
3135043,4.0
3135047,4.0
3135107,4.0
3135125,5.0
3135156,5.0
3135180,4.0
3135207,4.0
3135265,4.0
3135293,4.0
3135302,4.0
3135323,4.0
3135331,5.0
3135360,4.0
3135446,3.0
3135455,5.0
3135465,4.0
3135473,4.0
3135482,5.0
3135501,4.0
3135512,6.0
3135537,5.0
3135551,5.0
3135570,5.0
3135605,4.0
3135623,5.0
3135647,5.0
3135651,5.0
3135695,5.0
3135707,4.0
3135723,7.0
3135733,5.0
3135748,5.0
3135758,5.0
3135768,4.0
3135776,7.0
3135794,4.0
3135799,5.0
3135803,5.0
3135812,5.0
3135819,5.0
3135829,5.0
3135837,4.0
3135859,6.0
3135864,5.0
3135868,5.0
3135875,4.0
3135897,4.0
3135902,5.0
3135908,4.0
3135913,4.0
3135922,7.0
3135930,5.0
3135944,5.0
3135950,5.0
3135971,5.0
3135976,5.0
3135980,5.0
3136006,5.0
3136011,6.0
3136015,5.0
3136022,5.0
3136033,4.0
3136042,4.0
3136051,5.0
3136060,5.0
3136096,5.0
3136103,7.0
3136108,5.0
3136116,5.0
3136167,5.0
3136193,5.0
3136229,5.0
3136233,4.0
3136318,4.0
3136331,7.0
3136338,4.0
3136358,5.0
3136366,5.0
3136373,4.0
3136414,5.0
3136422,4.0
3136434,4.0
3136463,6.0
3136469,4.0
3136512,4.0
3136518,4.0
3136560,4.0
3136567,4.0
3136576,4.0
3136613,5.0
3136652,6.0
3136663,4.0
3136711,5.0
3136727,4.0
3136753,5.0
3136776,4.0
3136967,5.0
3136977,4.0
3137015,6.0
3137024,5.0
3137095,3.0
3137126,4.0
3137141,4.0
3137162,4.0
3137202,4.0
3137209,3.0
3137216,6.0
3137223,4.0
3137231,3.0
3137240,4.0
3137251,4.0
3137258,3.0
3137267,5.0
3137276,4.0
3137285,7.0
3137296,4.0
3137305,4.0
3137312,5.0
3137337,4.0
3137387,5.0
3137391,5.0
3137398,5.0
3137410,7.0
3137416,4.0
3137427,5.0
3137434,5.0
3137447,4.0
3137457,5.0
3137462,5.0
3137488,4.0
3137492,7.0
3137518,5.0
3137549,4.0
3137572,5.0
3137596,5.0
3137602,5.0
3137625,5.0
3137629,5.0
3137648,7.0
3137655,5.0
3137663,5.0
3137672,4.0
3137686,5.0
3137704,5.0
3137711,4.0
3137741,5.0
3137747,7.0
3137792,4.0
3137805,3.0
3137819,5.0
3137845,4.0
3137861,5.0
3137908,5.0
3137947,5.0
3137953,6.0
3138011,4.0
3138032,4.0
3138068,5.0
3138074,4.0
3138082,5.0
3138089,5.0
3138096,5.0
3138103,6.0
3138109,4.0
3138173,4.0
3138180,4.0
3138329,4.0
3138366,4.0
3138417,4.0
3138466,5.0
3138493,6.0
3138531,4.0
3138580,5.0
3138644,4.0
3138666,4.0
3138727,4.0
3138749,4.0
3138757,4.0
3138765,6.0
3138773,4.0
3138783,4.0
3138792,4.0
3138802,4.0
3138812,4.0
3138828,4.0
3138839,5.0
3138860,6.0
3138880,4.0
3138897,4.0
3138921,4.0
3138932,4.0
3138966,4.0
3139111,4.0
3139125,5.0
3139129,7.0
3139133,4.0
3139137,5.0
3139141,4.0
3139145,4.0
3139153,4.0
3139171,4.0
3139176,4.0
3139184,7.0
3139189,4.0
3139199,4.0
3139210,4.0
3139220,5.0
3139227,4.0
3139236,5.0
3139247,5.0
3139253,7.0
3139284,4.0
3139294,4.0
3139303,4.0
3139310,4.0
3139317,4.0
3139325,5.0
3139364,4.0
3139371,7.0
3139385,4.0
3139391,5.0
3139396,5.0
3139402,5.0
3139412,5.0
3139421,5.0
3139456,5.0
3139461,6.0
3139468,4.0
3139489,5.0
3139499,4.0
3139506,3.0
3139515,4.0
3139557,4.0
3139564,4.0
3139585,7.0
3139596,3.0
3139603,4.0
3139652,5.0
3139658,4.0
3139684,5.0
3139699,4.0
3139717,5.0
3139746,6.0
3139754,4.0
3139797,4.0
3139810,5.0
3139835,4.0
3139856,4.0
3139892,5.0
3139921,7.0
3139943,4.0
3139951,5.0
3139972,5.0
3139981,5.0
3140000,5.0
3140007,5.0
3140019,5.0
3140075,7.0
3140089,4.0
3140171,4.0
3140186,4.0
3140219,4.0
3140224,5.0
3140273,4.0
3140277,4.0
3140341,7.0
3140345,5.0
3140350,5.0
3140375,4.0
3140389,4.0
3140406,4.0
3140410,4.0
3140421,4.0
3140442,6.0
3140461,4.0
3140479,4.0
3140492,4.0
3140535,4.0
3140570,5.0
3140602,4.0
3140624,5.0
3140639,7.0
3140673,4.0
3140678,4.0
3140685,4.0
3140690,4.0
3140703,4.0
3140738,4.0
3140750,4.0
3140767,6.0
3140783,4.0
3140800,4.0
3140811,4.0
3140834,4.0
3140870,4.0
3140874,4.0
3140899,4.0
3140904,6.0
3140913,4.0
3140940,4.0
3140957,5.0
3140975,4.0
3140991,5.0
3141038,4.0
3141063,4.0
3141096,6.0
3141108,4.0
3141123,5.0
3141144,4.0
3141148,4.0
3141159,4.0
3141168,4.0
3141173,4.0
3141190,6.0
3141196,4.0
3141202,4.0
3141210,4.0
3141221,4.0
3141228,5.0
3141238,5.0
3141246,5.0
3141256,7.0
3141265,5.0
3141275,4.0
3141290,5.0
3141296,4.0
3141302,5.0
3141311,4.0
3141320,4.0
3141333,7.0
3141338,5.0
3141346,5.0
3141354,5.0
3141376,5.0
3141384,5.0
3141394,5.0
3141432,5.0
3141437,8.0
3141444,5.0
3141452,5.0
3141463,5.0
3141472,4.0
3141482,5.0
3141493,5.0
3141501,5.0
3141522,7.0
3141530,4.0
3141540,5.0
3141548,5.0
3141581,4.0
3141629,6.0
3141636,5.0
3141645,5.0
3141656,7.0
3141666,5.0
3141673,5.0
3141683,5.0
3141691,4.0
3141701,5.0
3141711,4.0
3141729,5.0
3141737,8.0
3141742,5.0
3141747,5.0
3141753,5.0
3141762,5.0
3141772,5.0
3141807,5.0
3141812,6.0
3141817,7.0
3141830,5.0
3141837,5.0
3141846,5.0
3141854,5.0
3141862,5.0
3141872,5.0
3141893,5.0
3141905,8.0
3141912,5.0
3141922,5.0
3141955,5.0
3141959,4.0
3141965,4.0
3141972,6.0
3141981,5.0
3142009,7.0
3142015,9.0
3142021,13.0
3142051,7.0
3142055,13.0
3142064,13.0
3142069,8.0
3142093,9.0
3142100,11.0
3142111,13.0
3142121,10.0
3142130,10.0
3142138,14.0
3142161,8.0
3142173,7.0
3142178,30.0
3142187,15.0
3142208,10.0
3142217,11.0
3142225,21.0
3142254,16.0
3142258,21.0
3142266,22.0
3142274,16.0
3142283,18.0
3142308,13.0
3142314,11.0
3142324,11.0
3142333,11.0
3142354,10.0
3142366,10.0
3142371,10.0
3142380,12.0
3142401,11.0
3142413,11.0
3142420,13.0
3142430,12.0
3142439,12.0
3142461,13.0
3142470,14.0
3142479,14.0
3142490,10.0
3142527,10.0
3142533,7.0
3142541,7.0
3142551,7.0
3142560,6.0
3142570,6.0
3142577,9.0
3142587,7.0
3142606,8.0
3142618,7.0
3142625,8.0
3142635,8.0
3142654,9.0
3142665,9.0
3142673,11.0
3142682,9.0
3142703,9.0
3142711,10.0
3142722,10.0
3142732,9.0
3142766,9.0
3142770,10.0
3142777,13.0
3142787,11.0
3142795,12.0
3142808,13.0
3142815,13.0
3142827,14.0
3142862,14.0
3142866,15.0
3142871,14.0
3142875,14.0
3142895,12.0
3142907,10.0
3142913,8.0
3142990,8.0
3142994,8.0
3142999,7.0
3143003,9.0
3143007,7.0
3143011,7.0
3143020,8.0
3143031,7.0
3143041,8.0
3143052,7.0
3143076,7.0
3143081,10.0
3143085,7.0
3143132,7.0
3143136,6.0
3143141,6.0
3143155,6.0
3143167,6.0
3143174,7.0
3143182,8.0
3143189,7.0
3143196,7.0
3143214,8.0
3143224,7.0
3143231,7.0
3143267,7.0
3143272,7.0
3143276,9.0
3143283,8.0
3143292,7.0
3143301,7.0
3143310,8.0
3143319,8.0
3143340,7.0
3143350,5.0
3143359,8.0
3143368,5.0
3143388,5.0
3143397,5.0
3143406,6.0
3143416,5.0
3143438,5.0
3143455,5.0
3143497,7.0
3143503,5.0
3143509,5.0
3143515,6.0
3143521,5.0
3143527,5.0
3143537,5.0
3143547,5.0
3143556,6.0
3143565,4.0
3143578,5.0
3143592,5.0
3143601,5.0
3143610,5.0
3143620,5.0
3143641,6.0
3143650,7.0
3143658,5.0
3143680,5.0
3143689,4.0
3143699,5.0
3143709,5.0
3143717,4.0
3143736,5.0
3143747,7.0
3143755,5.0
3143766,4.0
3143775,4.0
3143796,4.0
3143805,5.0
3143817,5.0
3143824,5.0
3143848,7.0
3143855,4.0
3143864,5.0
3143873,5.0
3143893,5.0
3143901,5.0
3143910,4.0
3143922,5.0
3143931,7.0
3143958,5.0
3143963,4.0
3143970,5.0
3143990,5.0
3144000,4.0
3144009,5.0
3144041,6.0
3144045,7.0
3144057,4.0
3144065,5.0
3144075,4.0
3144085,4.0
3144092,4.0
3144101,5.0
3144122,5.0
3144132,7.0
3144141,4.0
3144159,5.0
3144173,5.0
3144184,5.0
3144193,6.0
3144200,5.0
3144209,5.0
3144232,6.0
3144240,5.0
3144254,5.0
3144259,5.0
3144271,5.0
3144314,5.0
3144320,5.0
3144330,5.0
3144341,8.0
3144351,5.0
3144359,5.0
3144366,4.0
3144375,5.0
3144385,5.0
3144394,5.0
3144403,4.0
3144424,7.0
3144431,5.0
3144444,4.0
3144452,5.0
3144484,5.0
3144489,4.0
3144495,5.0
3144502,5.0
3144514,7.0
3144532,5.0
3144540,4.0
3144549,4.0
3144559,4.0
3144586,5.0
3144591,5.0
3144625,5.0
3144629,7.0
3144637,5.0
3144646,5.0
3144656,5.0
3144666,4.0
3144677,5.0
3144686,5.0
3144702,5.0
3144733,7.0
3144737,5.0
3144744,4.0
3144752,4.0
3144761,5.0
3144772,4.0
3144780,5.0
3144791,5.0
3144812,7.0
3144835,4.0
3144842,4.0
3144847,4.0
3144864,4.0
3144871,4.0
3144880,5.0
3144889,5.0
3144922,7.0
3144926,5.0
3144931,5.0
3144940,5.0
3144952,6.0
3144959,5.0
3144979,5.0
3144990,5.0
3144999,7.0
3145010,4.0
3145028,5.0
3145037,4.0
3145045,4.0
3145059,5.0
3145069,5.0
3145078,5.0
3145120,7.0
3145127,4.0
3145133,5.0
3145141,5.0
3145150,5.0
3145161,5.0
3145168,4.0
3145177,4.0
3145187,7.0
3145209,5.0
3145216,5.0
3145225,5.0
3145244,5.0
3145253,4.0
3145264,5.0
3145273,5.0
3145292,7.0
3145302,5.0
3145314,5.0
3145320,5.0
3145340,5.0
3145350,5.0
3145359,5.0
3145368,5.0
3145390,7.0
3145399,4.0
3145407,5.0
3145436,5.0
3145440,5.0
3145448,4.0
3145459,5.0
3145467,5.0
3145476,7.0
3145501,5.0
3145509,5.0
3145519,4.0
3145526,4.0
3145537,5.0
3145558,5.0
3145566,4.0
3145576,6.0
3145605,6.0
3145609,5.0
3145646,4.0
3145651,5.0
3145655,5.0
3145665,5.0
3145673,4.0
3145682,7.0
3145693,4.0
3145702,4.0
3145711,5.0
3145725,5.0
3145730,5.0
3145751,5.0
3145759,5.0
3145769,6.0
3145779,4.0
3145799,5.0
3145811,5.0
3145818,5.0
3145847,5.0
3145866,4.0
3145871,5.0
3145876,7.0
3145885,4.0
3145896,5.0
3145905,4.0
3145913,5.0
3145930,4.0
3145946,5.0
3145953,5.0
3145960,7.0
3145971,5.0
3145991,5.0
3146002,5.0
3146013,5.0
3146021,5.0
3146046,5.0
3146052,5.0
3146058,7.0
3146067,4.0
3146101,5.0
3146105,4.0
3146110,5.0
3146116,5.0
3146136,5.0
3146145,4.0
3146154,7.0
3146165,5.0
3146186,4.0
3146195,5.0
3146204,5.0
3146213,4.0
3146246,5.0
3146250,4.0
3146257,7.0
3146263,4.0
3146273,5.0
3146310,5.0
3146314,5.0
3146320,5.0
3146330,5.0
3146339,5.0
3146347,6.0
3146358,5.0
3146377,5.0
3146389,5.0
3146396,4.0
3146405,4.0
3146427,5.0
3146459,5.0
3146464,6.0
3146468,4.0
3146473,5.0
3146483,5.0
3146493,4.0
3146501,5.0
3146525,5.0
3146532,5.0
3146542,6.0
3146552,5.0
3146562,5.0
3146583,5.0
3146593,5.0
3146602,5.0
3146625,5.0
3146632,4.0
3146648,8.0
3146652,5.0
3146659,5.0
3146690,5.0
3146696,5.0
3146703,5.0
3146713,5.0
3146722,4.0
3146731,7.0
3146753,4.0
3146761,4.0
3146770,5.0
3146779,6.0
3146800,4.0
3146810,5.0
3146819,5.0
3146829,6.0
3146839,4.0
3146860,5.0
3146870,4.0
3146879,5.0
3146889,5.0
3146913,5.0
3146920,5.0
3146926,7.0
3146962,4.0
3146968,5.0
3146977,4.0
3147004,4.0
3147036,5.0
3147040,5.0
3147045,5.0
3147054,7.0
3147063,5.0
3147087,5.0
3147091,5.0
3147095,4.0
3147100,5.0
3147109,5.0
3147121,5.0
3147129,7.0
3147138,5.0
3147148,4.0
3147156,4.0
3147165,5.0
3147187,5.0
3147196,4.0
3147205,5.0
3147236,7.0
3147241,5.0
3147246,5.0
3147255,5.0
3147263,5.0
3147283,5.0
3147296,5.0
3147305,4.0
3147315,6.0
3147330,4.0
3147345,5.0
3147351,5.0
3147359,5.0
3147380,5.0
3147389,5.0
3147398,5.0
3147406,7.0
3147428,5.0
3147438,5.0
3147446,4.0
3147465,5.0
3147478,5.0
3147488,5.0
3147498,4.0
3147507,7.0
3147518,5.0
3147538,5.0
3147549,5.0
3147557,6.0
3147569,5.0
3147592,4.0
3147596,4.0
3147606,7.0
3147613,5.0
3147630,4.0
3147641,4.0
3147651,5.0
3147677,5.0
3147683,5.0
3147692,5.0
3147701,7.0
3147711,5.0
3147736,5.0
3147741,5.0
3147748,5.0
3147763,5.0
3147779,5.0
3147788,6.0
3147798,6.0
3147809,4.0
3147817,5.0
3147853,5.0
3147873,4.0
3147897,5.0
3147920,5.0
3147927,5.0
3147960,7.0
3147973,5.0
3147987,5.0
3147994,4.0
3148005,4.0
3148110,5.0
3148126,5.0
3148145,4.0
3148149,6.0
3148153,5.0
3148157,4.0
3148200,5.0
3148212,7.0
3148216,4.0
3148224,5.0
3148234,5.0
3148242,5.0
3148253,5.0
3148263,4.0
3148271,5.0
3148281,7.0
3148290,5.0
3148301,4.0
3148311,5.0
3148322,5.0
3148329,5.0
3148335,5.0
3148345,5.0
3148364,6.0
3148371,5.0
3148384,5.0
3148393,4.0
3148400,5.0
3148408,5.0
3148416,5.0
3148428,4.0
3148449,7.0
3148453,5.0
3148466,5.0
3148471,5.0
3148478,4.0
3148497,5.0
3148505,5.0
3148515,5.0
3148573,7.0
3148597,5.0
3148602,5.0
3148633,5.0
3148667,5.0
3148672,4.0
3148731,5.0
3148734,5.0
3148752,4.0
3148856,5.0
3148860,4.0
3148899,5.0
3148900,5.0
3148905,5.0
3148909,4.0
3148913,4.0
3148917,5.0
3149046,5.0
3149092,7.0
3149111,5.0
3149120,5.0
3149128,5.0
3149145,5.0
3149153,5.0
3149166,5.0
3149174,7.0
3149182,5.0
3149197,5.0
3149209,4.0
3149214,4.0
3149223,4.0
3149232,4.0
3149259,4.0
3149263,7.0
3149284,4.0
3149333,4.0
3149341,4.0
3149349,4.0
3149375,4.0
3149382,5.0
3149393,5.0
3149428,6.0
3149458,4.0
3149475,4.0
3149518,3.0
3149523,4.0
3149548,4.0
3149555,4.0
3149571,4.0
3149576,5.0
3149589,4.0
3149639,3.0
3149652,4.0
3149656,4.0
3149661,3.0
3149665,3.0
3149669,4.0
3149675,6.0
3149699,4.0
3149703,4.0
3149721,5.0
3149728,4.0
3149749,4.0
3149878,4.0
3149884,4.0
3149889,6.0
3149895,4.0
3149899,4.0
3149903,3.0
3149908,4.0
3149947,4.0
3149955,4.0
3150222,4.0
3150276,7.0
3150287,4.0
3150298,4.0
3150310,4.0
3150321,4.0
3150325,4.0
3150352,4.0
3150370,5.0
3150401,8.0
3150406,4.0
3150452,4.0
3150459,5.0
3150475,7.0
3150488,9.0
3150492,11.0
3150533,15.0
3150538,21.0
3150561,19.0
3150566,21.0
3150571,22.0
3150580,24.0
3150591,27.0
3150597,27.0
3150610,30.0
3150637,33.0
3150641,30.0
3150645,32.0
3150674,32.0
3150690,32.0
3150694,34.0
3150733,34.0
3150747,35.0
3150804,38.0
3150829,34.0
3150833,35.0
3150837,36.0
3150841,36.0
3150846,37.0
3150883,40.0
3150892,39.0
3150914,43.0
3150951,40.0
3150970,41.0
3151005,41.0
3151008,41.0
3151025,45.0
3151027,43.0
3151039,47.0
3151041,44.0
3151051,43.0
3151059,43.0
3151087,44.0
3151094,45.0
3151127,45.0
3151152,49.0
3151165,46.0
3151175,45.0
3151184,47.0
3151193,46.0
3151202,51.0
3151209,45.0
3151218,45.0
3151228,46.0
3151237,43.0
3151256,42.0
3151260,41.0
3151265,40.0
3151274,40.0
3151283,34.0
3151294,32.0
3151326,30.0
3151330,28.0
3151335,27.0
3151342,26.0
3151370,23.0
3151377,24.0
3151383,18.0
3151389,16.0
3151395,15.0
3151400,14.0
3151406,12.0
3151414,12.0
3151427,12.0
3151444,13.0
3151448,9.0
3151457,8.0
3151463,8.0
3151473,7.0
3151600,7.0
3151615,7.0
3151641,6.0
3151672,5.0
3151686,6.0
3151706,7.0
3151716,5.0
3151723,4.0
3151734,5.0
3151741,5.0
3151787,5.0
3151807,5.0
3151821,5.0
3151825,5.0
3151829,4.0
3151833,4.0
3151838,3.0
3151871,4.0
3151886,4.0
3151910,4.0
3151929,4.0
3151949,3.0
3151969,4.0
3152122,4.0
3152212,4.0
3152221,4.0
3152230,4.0
3152239,4.0
3152248,4.0
3152256,5.0
3152264,5.0
3152272,4.0
3152281,4.0
3152291,5.0
3152299,4.0
3152313,4.0
3152324,4.0
3152332,5.0
3152341,5.0
3152349,5.0
3152354,5.0
3152388,5.0
3152412,4.0
3152423,5.0
3152430,4.0
3152450,4.0
3152473,5.0
3152497,4.0
3152509,4.0
3152523,4.0
3152547,3.0
3152553,5.0
3152641,5.0
3152651,4.0
3152668,5.0
3152720,4.0
3152730,5.0
3152749,3.0
3152799,4.0
3152803,4.0
3152811,5.0
3152836,4.0
3152843,6.0
3152869,5.0
3152873,5.0
3152893,4.0
3152900,5.0
3152914,5.0
3152926,5.0
3152932,6.0
3152955,6.0
3152976,4.0
3152982,5.0
3152987,5.0
3152996,5.0
3153007,5.0
3153016,5.0
3153025,5.0
3153033,5.0
3153042,5.0
3153055,5.0
3153063,6.0
3153072,5.0
3153086,5.0
3153095,5.0
3153106,6.0
3153123,6.0
3153135,5.0
3153186,5.0
3153250,5.0
3153415,5.0
3153419,6.0
3153423,4.0
3153427,5.0
3153436,6.0
3153439,5.0
3153444,6.0
3153541,5.0
3153563,5.0
3153624,5.0
3153628,4.0
3153700,6.0
3153727,5.0
3153774,5.0
3153791,6.0
3153837,5.0
3153842,5.0
3153875,5.0
3153890,5.0
3153896,7.0
3153909,5.0
3153942,5.0
3153950,5.0
3153979,5.0
3153982,5.0
3154015,5.0
3154019,5.0
3154039,6.0
3154047,5.0
3154156,5.0
3154168,5.0
3154183,6.0
3154229,5.0
3154237,6.0
3154255,6.0
3154271,5.0
3154277,4.0
3154307,5.0
3154313,6.0
3154319,5.0
3154328,5.0
3154336,5.0
3154355,6.0
3154361,5.0
3154369,4.0
3154380,5.0
3154388,5.0
3154398,5.0
3154409,4.0
3154418,6.0
3154429,6.0
3154437,4.0
3154447,4.0
3154454,4.0
3154463,5.0
3154473,5.0
3154482,4.0
3154512,5.0
3154516,6.0
3154522,5.0
3154533,5.0
3154542,5.0
3154548,5.0
3154573,4.0
3154600,5.0
3154604,4.0
3154632,7.0
3154656,5.0
3154664,4.0
3154717,6.0
3154764,5.0
3154777,5.0
3154835,5.0
3154840,5.0
3154849,5.0
3154856,4.0
3154865,5.0
3154877,5.0
3154885,5.0
3154893,5.0
3154906,5.0
3154913,5.0
3154925,6.0
3154962,5.0
3154966,5.0
3154971,4.0
3154978,5.0
3155012,5.0
3155028,5.0
3155043,5.0
3155087,6.0
3155095,5.0
3155134,5.0
3155142,5.0
3155155,4.0
3155201,5.0
3155234,5.0
3155251,5.0
3155277,5.0
3155299,5.0
3155340,5.0
3155383,5.0
3155387,5.0
3155425,5.0
3155463,6.0
3155475,5.0
3155478,5.0
3155501,5.0
3155515,6.0
3155524,5.0
3155594,5.0
3155602,4.0
3155614,5.0
3155622,5.0
3155631,5.0
3155643,6.0
3155651,5.0
3155677,5.0
3155685,6.0
3155694,5.0
3155714,5.0
3155718,5.0
3155725,6.0
3155736,6.0
3155742,4.0
3155762,5.0
3155768,5.0
3155773,5.0
3155779,5.0
3155787,5.0
3155796,5.0
3155805,7.0
3155815,5.0
3155825,5.0
3155833,5.0
3155842,5.0
3155861,5.0
3155866,5.0
3155871,5.0
3155882,5.0
3155889,5.0
3155912,5.0
3155918,5.0
3155932,4.0
3155944,4.0
3155951,5.0
3155965,4.0
3155990,5.0
3155996,4.0
3156000,4.0
3156007,4.0
3156035,4.0
3156047,5.0
3156067,5.0
3156071,4.0
3156080,5.0
3156091,4.0
3156099,3.0
3156108,4.0
3156124,4.0
3156141,5.0
3156147,4.0
3156156,4.0
3156170,5.0
3156184,4.0
3156195,4.0
3156203,4.0
3156212,4.0
3156235,4.0
3156242,4.0
3156253,5.0
3156271,7.0
3156278,4.0
3156285,4.0
3156303,4.0
3156311,4.0
3156328,4.0
3156339,5.0
3156345,4.0
3156372,7.0
3156376,5.0
3156383,5.0
3156403,4.0
3156411,4.0
3156425,7.0
3156432,20.0
3156451,35.0
3156460,51.0
3156474,56.0
3156480,67.0
3156498,75.0
3156507,82.0
3156516,89.0
3156533,98.0
3156552,102.0
3156557,109.0
3156567,110.0
3156593,114.0
3156598,116.0
3156605,118.0
3156614,123.0
3156626,129.0
3156634,130.0
3156655,133.0
3156667,130.0
3156680,132.0
3156690,131.0
3156706,132.0
3156714,135.0
3156722,138.0
3156733,139.0
3156755,140.0
3156764,136.0
3156772,134.0
3156812,134.0
3156816,135.0
3156824,136.0
3156833,137.0
3156841,139.0
3156850,140.0
3156860,135.0
3156871,134.0
3156881,135.0
3156891,136.0
3156910,135.0
3156919,139.0
3156929,142.0
3156941,142.0
3156958,137.0
3156968,137.0
3156977,140.0
3156987,138.0
3156995,139.0
3157016,143.0
3157027,145.0
3157035,145.0
3157045,141.0
3157067,141.0
3157108,142.0
3157112,140.0
3157116,142.0
3157123,147.0
3157132,146.0
3157147,147.0
3157153,143.0
3157161,144.0
3157170,142.0
3157179,144.0
3157194,145.0
3157210,147.0
3157224,148.0
3157230,150.0
3157239,146.0
3157261,144.0
3157269,145.0
3157278,146.0
3157288,146.0
3157308,149.0
3157315,151.0
3157325,152.0
3157335,146.0
3157355,145.0
3157366,147.0
3157376,147.0
3157386,147.0
3157397,150.0
3157418,152.0
3157427,152.0
3157436,147.0
3157446,148.0
3157467,148.0
3157473,148.0
3157487,148.0
3157492,152.0
3157513,154.0
3157522,153.0
3157534,148.0
3157541,150.0
3157560,149.0
3157572,148.0
3157581,150.0
3157589,154.0
3157610,155.0
3157619,155.0
3157627,150.0
3157637,150.0
3157682,149.0
3157686,150.0
3157694,151.0
3157705,154.0
3157713,155.0
3157721,156.0
3157733,152.0
3157742,150.0
3157751,151.0
3157760,152.0
3157770,152.0
3157790,154.0
3157805,156.0
3157810,158.0
3157827,152.0
3157836,150.0
3157847,152.0
3157858,153.0
3157867,152.0
3157887,156.0
3157897,158.0
3157926,158.0
3157932,152.0
3157937,152.0
3157946,154.0
3157954,152.0
3157963,153.0
3158002,158.0
3158006,157.0
3158011,158.0
3158023,153.0
3158030,154.0
3158046,154.0
3158057,152.0
3158067,154.0
3158075,158.0
3158087,158.0
3158106,158.0
3158116,154.0
3158122,155.0
3158134,153.0
3158152,154.0
3158157,155.0
3158181,158.0
3158188,158.0
3158198,160.0
3158208,155.0
3158216,154.0
3158239,154.0
3158248,154.0
3158258,155.0
3158267,157.0
3158277,159.0
3158299,160.0
3158307,154.0
3158324,153.0
3158329,154.0
3158347,155.0
3158356,155.0
3158365,157.0
3158374,159.0
3158396,160.0
3158405,154.0
3158417,154.0
3158423,155.0
3158448,154.0
3158452,154.0
3158460,158.0
3158481,159.0
3158491,159.0
3158501,153.0
3158510,154.0
3158534,154.0
3158538,153.0
3158545,154.0
3158556,159.0
3158582,158.0
3158587,159.0
3158596,155.0
3158604,154.0
3158625,153.0
3158633,154.0
3158642,155.0
3158651,157.0
3158673,158.0
3158682,159.0
3158694,155.0
3158701,154.0
3158711,153.0
3158733,155.0
3158741,155.0
3158752,156.0
3158761,159.0
3158793,161.0
3158798,154.0
3158806,153.0
3158816,154.0
3158827,155.0
3158834,154.0
3158854,157.0
3158864,159.0
3158874,160.0
3158883,153.0
3158904,153.0
3158913,155.0
3158922,153.0
3158931,153.0
3158952,158.0
3158962,159.0
3158970,158.0
3158980,153.0
3159002,154.0
3159010,154.0
3159054,152.0
3159059,154.0
3159063,158.0
3159072,158.0
3159083,158.0
3159092,154.0
3159105,155.0
3159110,153.0
3159126,153.0
3159131,155.0
3159164,158.0
3159169,157.0
3159173,159.0
3159181,154.0
3159188,150.0
3159197,137.0
3159207,127.0
3159229,115.0
3159239,104.0
3159246,95.0
3159257,87.0
3159277,74.0
3159285,66.0
3159294,60.0
3159303,54.0
3159325,49.0
3159340,46.0
3159351,42.0
3159390,39.0
3159398,33.0
3159404,30.0
3159408,28.0
3159412,25.0
3159421,24.0
3159430,24.0
3159444,23.0
3159457,22.0
3159461,18.0
3159482,16.0
3159493,15.0
3159500,15.0
3159511,14.0
3159532,14.0
3159550,12.0
3159569,15.0
3159575,10.0
3159583,10.0
3159592,10.0
3159601,8.0
3159610,9.0
3159623,11.0
3159630,9.0
3159652,11.0
3159670,7.0
3159695,7.0
3159702,7.0
3159708,7.0
3159714,8.0
3159725,9.0
3159735,7.0
3159751,9.0
3159777,6.0
3159781,6.0
3159785,7.0
3159791,7.0
3159800,7.0
3159811,8.0
3159840,7.0
3159846,9.0
3159857,7.0
3159867,7.0
3159876,7.0
3159889,6.0
3159897,5.0
3159915,7.0
3159924,6.0
3159934,9.0
3159945,7.0
3159963,7.0
3159973,7.0
3159981,5.0
3159990,6.0
3160013,9.0
3160023,8.0
3160035,9.0
3160043,6.0
3160050,6.0
3160074,6.0
3160082,6.0
3160098,6.0
3160103,8.0
3160121,9.0
3160135,9.0
3160139,6.0
3160148,6.0
3160170,6.0
3160178,6.0
3160187,7.0
3160197,9.0
3160221,10.0
3160226,10.0
3160235,9.0
3160246,9.0
3160255,10.0
3160276,11.0
3160287,12.0
3160296,14.0
3160355,16.0
3160359,17.0
3160367,13.0
3160372,13.0
3160376,13.0
3160380,13.0
3160387,13.0
3160402,14.0
3160408,11.0
3160415,13.0
3160438,10.0
3160446,10.0
3160455,9.0
3160494,8.0
3160500,9.0
3160506,10.0
3160516,8.0
3160527,10.0
3160535,8.0
3160544,7.0
3160554,7.0
3160562,7.0
3160587,7.0
3160592,8.0
3160601,7.0
3160608,10.0
3160617,6.0
3160640,7.0
3160650,7.0
3160658,7.0
3160670,6.0
3160687,8.0
3160696,6.0
3160705,10.0
3160715,6.0
3160743,7.0
3160748,6.0
3160756,7.0
3160764,6.0
3160783,9.0
3160793,7.0
3160802,9.0
3160810,6.0
3160832,6.0
3160845,5.0
3160851,6.0
3160861,7.0
3160885,8.0
3160889,7.0
3160897,9.0
3160907,6.0
3160941,6.0
3160949,6.0
3160956,6.0
3160963,7.0
3160980,7.0
3160997,7.0
3161002,9.0
3161011,6.0
3161020,6.0
3161030,6.0
3161043,6.0
3161090,6.0
3161103,8.0
3161107,7.0
3161111,10.0
3161115,6.0
3161124,7.0
3161128,7.0
3161140,6.0
3161157,5.0
3161169,9.0
3161175,7.0
3161185,9.0
3161206,6.0
3161214,6.0
3161224,7.0
3161232,6.0
3161257,6.0
3161265,8.0
3161274,6.0
3161291,9.0
3161303,7.0
3161320,7.0
3161327,6.0
3161335,6.0
3161345,6.0
3161354,8.0
3161373,6.0
3161388,9.0
3161392,5.0
3161401,6.0
3161426,5.0
3161433,6.0
3161441,7.0
3161451,8.0
3161471,7.0
3161480,9.0
3161492,5.0
3161499,7.0
3161514,7.0
3161525,6.0
3161544,6.0
3161553,7.0
3161564,7.0
3161573,10.0
3161582,6.0
3161605,6.0
3161611,6.0
3161620,6.0
3161639,6.0
3161649,8.0
3161658,8.0
3161667,9.0
3161688,6.0
3161698,6.0
3161707,6.0
3161715,6.0
3161739,7.0
3161750,8.0
3161756,8.0
3161765,9.0
3161775,7.0
3161799,6.0
3161806,6.0
3161816,6.0
3161826,6.0
3161844,8.0
3161854,8.0
3161864,9.0
3161873,6.0
3161894,7.0
3161913,6.0
3161918,7.0
3161929,7.0
3161939,8.0
3161944,9.0
3161977,10.0
3161983,6.0
3161987,6.0
3161994,7.0
3162036,6.0
3162040,6.0
3162044,7.0
3162055,9.0
3162065,10.0
3162075,6.0
3163385,6.0
3163397,7.0
3163412,7.0
3163420,7.0
3163426,8.0
3163435,9.0
3163444,6.0
3163452,7.0
3163462,6.0
3163473,7.0
3163486,6.0
3163496,5.0
3163504,6.0
3163510,6.0
3163520,5.0
3163527,4.0
3163543,5.0
3163548,5.0
3163553,5.0
3163565,5.0
3163572,7.0
3163580,7.0
3163589,5.0
3163600,5.0
3163611,5.0
3163618,6.0
3163628,5.0
3163643,5.0
3163653,7.0
3163659,7.0
3163665,5.0
3163673,5.0
3163685,5.0
3163693,5.0
3163700,5.0
3163714,5.0
3163721,6.0
3163743,8.0
3163750,5.0
3163761,5.0
3163773,5.0
3163778,5.0
3163787,5.0
3163812,5.0
3163820,6.0
3163830,7.0
3163836,5.0
3163861,5.0
3163865,5.0
3163873,4.0
3163893,5.0
3163906,5.0
3163927,6.0
3163931,7.0
3163940,5.0
3163974,4.0
3163979,6.0
3163984,5.0
3163992,5.0
3164001,4.0
3164010,7.0
3164020,7.0
3164029,5.0
3164053,5.0
3164058,5.0
3164069,5.0
3164076,6.0
3164129,5.0
3164134,6.0
3164139,6.0
3164143,5.0
3164147,5.0
3164159,5.0
3164163,5.0
3164182,5.0
3164192,5.0
3164200,5.0
3164211,7.0
3164232,5.0
3164240,5.0
3164250,5.0
3164260,4.0
3164294,5.0
3164300,4.0
3164309,6.0
3164317,7.0
3164327,4.0
3164337,5.0
3164345,5.0
3164357,5.0
3164392,5.0
3164397,4.0
3164401,7.0
3164405,7.0
3164430,4.0
3164434,5.0
3164444,5.0
3164454,5.0
3164463,5.0
3164485,6.0
3164493,6.0
3164502,7.0
3164512,5.0
3164534,6.0
3164543,4.0
3164552,4.0
3164564,5.0
3164592,5.0
3164597,7.0
3164602,7.0
3164612,5.0
3164622,5.0
3164637,5.0
3164646,5.0
3164656,5.0
3164679,5.0
3164686,6.0
3164695,7.0
3164707,5.0
3164730,4.0
3164739,5.0
3164744,5.0
3164753,5.0
3164778,4.0
3164783,6.0
3164791,6.0
3164801,5.0
3164822,4.0
3164830,5.0
3164840,6.0
3164849,4.0
3164877,5.0
3164882,6.0
3164887,7.0
3164896,5.0
3164918,5.0
3164928,5.0
3164939,5.0
3164947,4.0
3164966,5.0
3164981,6.0
3164986,6.0
3164993,5.0
3165015,5.0
3165026,5.0
3165033,4.0
3165044,5.0
3165064,5.0
3165076,6.0
3165084,6.0
3165090,5.0
3165111,5.0
3165121,4.0
3165131,5.0
3165138,4.0
3165158,5.0
3165169,6.0
3165179,6.0
3165186,5.0
3165208,5.0
3165218,4.0
3165226,5.0
3165236,5.0
3165247,5.0
3165265,7.0
3165285,7.0
3165301,4.0
3165305,4.0
3165318,5.0
3165325,4.0
3165336,5.0
3165353,4.0
3165363,4.0
3165372,6.0
3165381,4.0
3165401,5.0
3165410,5.0
3165419,4.0
3165428,5.0
3165439,5.0
3165460,6.0
3165469,7.0
3165479,5.0
3165488,5.0
3165509,4.0
3165521,5.0
3165527,5.0
3165536,5.0
3165562,6.0
3165568,6.0
3165577,4.0
3165590,5.0
3165597,5.0
3165616,4.0
3165625,5.0
3165639,6.0
3165644,7.0
3165665,7.0
3165675,4.0
3165683,4.0
3165692,5.0
3165713,5.0
3165722,5.0
3165733,6.0
3165748,7.0
3165771,7.0
3165775,4.0
3165780,4.0
3165805,5.0
3165810,3.0
3165819,5.0
3165829,6.0
3165837,7.0
3165858,7.0
3165868,5.0
3165877,5.0
3165886,4.0
3165906,4.0
3165916,5.0
3165925,4.0
3165932,7.0
3165954,7.0
3165963,5.0
3165973,5.0
3165982,5.0
3166008,5.0
3166024,5.0
3166028,5.0
3166038,7.0
3166049,8.0
3166069,4.0
3166082,5.0
3166088,4.0
3166099,5.0
3166114,5.0
3166124,5.0
3166135,8.0
3166145,8.0
3166154,5.0
3166182,5.0
3166187,5.0
3166213,5.0
3166217,5.0
3166226,6.0
3166235,7.0
3166244,8.0
3166254,5.0
3166264,5.0
3166274,5.0
3166283,4.0
3166309,4.0
3166315,6.0
3166323,8.0
3166332,8.0
3166352,3.0
3166361,5.0
3166374,4.0
3166381,5.0
3166390,5.0
3166411,7.0
3166421,7.0
3166433,7.0
3166449,4.0
3166460,5.0
3166468,5.0
3166478,5.0
3166488,5.0
3166510,6.0
3166516,7.0
3166526,7.0
3166544,5.0
3166553,5.0
3166562,4.0
3166572,5.0
3166597,4.0
3166602,6.0
3166616,7.0
3166629,7.0
3166638,4.0
3166648,5.0
3166656,4.0
3166680,4.0
3166688,5.0
3166698,6.0
3166707,7.0
3166729,7.0
3166743,5.0
3166748,5.0
3166755,4.0
3166765,5.0
3166784,5.0
3166793,7.0
3166804,7.0
3166815,7.0
3166842,5.0
3166846,5.0
3166854,5.0
3166862,5.0
3166875,5.0
3166887,5.0
3166909,7.0
3166920,7.0
3166925,5.0
3166942,4.0
3166951,5.0
3166961,6.0
3166969,5.0
3167000,5.0
3167006,7.0
3167011,8.0
3167037,5.0
3167042,4.0
3167050,5.0
3167057,5.0
3167066,4.0
3167107,4.0
3167113,5.0
3167117,8.0
3167126,5.0
3167133,5.0
3167142,5.0
3167151,4.0
3167161,5.0
3167185,5.0
3167193,5.0
3167202,7.0
3167211,4.0
3167233,5.0
3167243,6.0
3167251,5.0
3167259,4.0
3167297,5.0
3167302,4.0
3167308,8.0
3167317,5.0
3167330,4.0
3167335,4.0
3167343,4.0
3167364,5.0
3167374,5.0
3167382,6.0
3167392,7.0
3167411,5.0
3167422,5.0
3167440,4.0
3167452,5.0
3167461,5.0
3167470,5.0
3167479,7.0
3167488,7.0
3167521,5.0
3167528,4.0
3167534,5.0
3167544,4.0
3167559,4.0
3167565,5.0
3167580,7.0
3167591,7.0
3167602,4.0
3167610,5.0
3167619,5.0
3167640,4.0
3167649,5.0
3167658,6.0
3167669,7.0
3167689,8.0
3167698,4.0
3167708,5.0
3167716,5.0
3167740,5.0
3167746,5.0
3167755,4.0
3167765,7.0
3167786,7.0
3167797,5.0
3167806,4.0
3167815,5.0
3167824,5.0
3167845,5.0
3167854,4.0
3167899,7.0
3167904,7.0
3167911,4.0
3167922,4.0
3167931,5.0
3167949,5.0
3167954,5.0
3167959,5.0
3167966,7.0
3167975,7.0
3167984,5.0
3167994,4.0
3168014,5.0
3168024,4.0
3168033,5.0
3168044,7.0
3168074,7.0
3168078,6.0
3168086,5.0
3168096,4.0
3168106,4.0
3168114,5.0
3168129,4.0
3168149,5.0
3168154,7.0
3168162,8.0
3168183,5.0
3168192,4.0
3168200,4.0
3168209,4.0
3168232,5.0
3168240,6.0
3168251,7.0
3168260,7.0
3168291,5.0
3168297,4.0
3168304,5.0
3168318,5.0
3168328,5.0
3168338,6.0
3168346,7.0
3168381,8.0
3168385,4.0
3168390,4.0
3168397,5.0
3168409,5.0
3168420,4.0
3168427,6.0
3168446,8.0
3168456,7.0
3168465,4.0
3168485,5.0
3168495,5.0
3168504,4.0
3168512,4.0
3168543,7.0
3168692,8.0
3168790,7.0
3168823,7.0
3168827,8.0
3168832,4.0
3168836,7.0
3168840,7.0
3168877,4.0
3168921,5.0
3168953,7.0
3168957,7.0
3168961,4.0
3168965,4.0
3168969,4.0
3168973,4.0
3168981,4.0
3168988,6.0
3168998,7.0
3169008,7.0
3169016,4.0
3169027,5.0
3169037,4.0
3169046,5.0
3169056,5.0
3169083,6.0
3169090,7.0
3169099,7.0
3169108,4.0
3169127,5.0
3169138,5.0
3169145,4.0
3169152,5.0
3169156,7.0
3169165,7.0
3169188,7.0
3169193,4.0
3169198,4.0
3169206,4.0
3169213,5.0
3169223,4.0
3169231,6.0
3169241,7.0
3169261,6.0
3169301,4.0
3169306,5.0
3169310,6.0
3169322,5.0
3169328,5.0
3169387,7.0
3169438,7.0
3169499,7.0
3169539,5.0
3169543,7.0
3169592,4.0
3169619,5.0
3169662,5.0
3169686,4.0
3169723,7.0
3169770,4.0
3169778,5.0
3169794,5.0
3169801,6.0
3169807,5.0
3169835,7.0
3169851,4.0
3169855,5.0
3169909,4.0
3169924,4.0
3169975,5.0
3170077,6.0
3170179,5.0
3170251,5.0
3170270,6.0
3170285,7.0
3170293,6.0
3170312,4.0
3170320,5.0
3170348,4.0
3170502,4.0
3170514,5.0
3170540,6.0
3170639,7.0
3170657,6.0
3170675,5.0
3170775,5.0
3170784,4.0
3170795,4.0
3170806,5.0
3170815,4.0
3170914,5.0
3170921,5.0
3170928,4.0
3170935,4.0
3170945,4.0
3171040,4.0
3171046,4.0
3171068,5.0
3171075,5.0
3171177,5.0
3171184,4.0
3171313,4.0
3171323,4.0
3171346,4.0
3171452,5.0
3171460,6.0
3171472,5.0
3171535,6.0
3171543,5.0
3171569,4.0
3171703,4.0
3171712,4.0
3171871,4.0
3171880,6.0
3171894,7.0
3172045,7.0
3172058,5.0
3172076,4.0
3172212,5.0
3172219,4.0
3172243,5.0
3172252,6.0
3172380,6.0
3172413,7.0
3172550,4.0
3172564,4.0
3172717,5.0
3172725,4.0
3172746,4.0
3172754,5.0
3172893,4.0
3172902,8.0
3172921,4.0
3173059,4.0
3173067,4.0
3173090,5.0
3173225,5.0
3173234,4.0
3173255,4.0
3173264,7.0
3173400,4.0
3173411,5.0
3173563,5.0
3173570,4.0
3173606,5.0
3173732,6.0
3173899,6.0
3173910,7.0
3173923,4.0
3173937,4.0
3174070,4.0
3174077,4.0
3174101,4.0
3174111,5.0
3174240,6.0
3174256,7.0
3174268,4.0
3174294,3.0
3174309,4.0
3174322,4.0
3174413,4.0
3174435,6.0
3174448,7.0
3174457,7.0
3174573,3.0
3174581,5.0
3174607,4.0
3174650,4.0
3174662,4.0
3174693,7.0
3174714,7.0
3174730,7.0
3174739,5.0
3174762,4.0
3174769,4.0
3174776,4.0
3174784,4.0
3174791,6.0
3174814,7.0
3174838,8.0
3174863,4.0
3174887,4.0
3174919,5.0
3174945,5.0
3174950,5.0
3174985,6.0
3174999,7.0
3175004,7.0
3175009,5.0
3175024,5.0
3175029,5.0
3175044,4.0
3175133,5.0
3175148,7.0
3175180,6.0
3175217,8.0
3175241,4.0
3175246,4.0
3175259,4.0
3175266,5.0
3175278,5.0
3175288,7.0
3175297,7.0
3175307,7.0
3175325,4.0
3175336,4.0
3175346,4.0
3175362,5.0
3175371,4.0
3175377,7.0
3175396,7.0
3175406,8.0
3175415,4.0
3175446,5.0
3175452,5.0
3175460,4.0
3175471,5.0
3175494,7.0
3175510,8.0
3175517,7.0
3175553,5.0
3175563,5.0
3175571,4.0
3175615,5.0
3175621,4.0
3175637,7.0
3175654,7.0
3175662,8.0
3175669,5.0
3175677,5.0
3175683,4.0
3175691,5.0
3175699,6.0
3175708,7.0
3175722,7.0
3175727,7.0
3175763,4.0
3175767,5.0
3175816,4.0
3175831,4.0
3175871,4.0
3175909,7.0
3175913,7.0
3175955,7.0
3175973,4.0
3175978,4.0
3175999,4.0
3176018,5.0
3176023,5.0
3176057,7.0
3176093,8.0
3176108,7.0
3176158,5.0
3176232,4.0
3176246,4.0
3176330,4.0
3176356,4.0
3176384,6.0
3176388,7.0
3176405,7.0
3176577,4.0
3176613,4.0
3176621,4.0
3176629,4.0
3176637,5.0
3176649,4.0
3176659,7.0
3176686,5.0
3176694,5.0
3176704,5.0
3176715,4.0
3176725,8.0
3176731,7.0
3176741,7.0
3176754,5.0
3176761,4.0
3176766,5.0
3176775,5.0
3176787,5.0
3176792,7.0
3176801,7.0
3176818,7.0
3176832,5.0
3176836,6.0
3176845,5.0
3176850,4.0
3176859,5.0
3176868,7.0
3176888,8.0
3176892,8.0
3176897,5.0
3176906,4.0
3176914,4.0
3176941,5.0
3177010,5.0
3177014,8.0
3177072,8.0
3177076,7.0
3177080,4.0
3177089,4.0
3177121,4.0
3177141,4.0
3177159,4.0
3177172,7.0
3177177,6.0
3177183,6.0
3177193,5.0
3177201,5.0
3177210,5.0
3177221,4.0
3177230,6.0
3177241,6.0
3177250,6.0
3177270,5.0
3177279,4.0
3177292,4.0
3177297,5.0
3177319,4.0
3177331,4.0
3177338,6.0
3177345,5.0
3177365,6.0
3177375,4.0
3177384,5.0
3177393,4.0
3177416,5.0
3177425,4.0
3177435,4.0
3177446,6.0
3177466,5.0
3177479,5.0
3177492,5.0
3177498,5.0
3177505,5.0
3177518,5.0
3177532,5.0
3177543,7.0
3177552,6.0
3177563,5.0
3177583,5.0
3177592,4.0
3177601,5.0
3177610,5.0
3177631,5.0
3177644,6.0
3177651,5.0
3177661,5.0
3177680,5.0
3177689,5.0
3177697,3.0
3177724,5.0
3177729,5.0
3177739,6.0
3177749,6.0
3177757,5.0
3177766,4.0
3177787,5.0
3177796,4.0
3177827,6.0
3177831,5.0
3177841,7.0
3177849,6.0
3177857,5.0
3177866,5.0
3177889,5.0
3177896,5.0
3177905,4.0
3177915,4.0
3177923,6.0
3177946,5.0
3177953,4.0
3177964,4.0
3177972,5.0
3177994,5.0
3178002,5.0
3178010,5.0
3178020,6.0
3178042,6.0
3178052,5.0
3178087,5.0
3178091,6.0
3178096,5.0
3178101,4.0
3178110,6.0
3178125,6.0
3178129,6.0
3178151,4.0
3178160,5.0
3178172,5.0
3178177,4.0
3178199,5.0
3178207,4.0
3178217,7.0
3178226,6.0
3178259,5.0
3178265,6.0
3178273,5.0
3178284,5.0
3178291,4.0
3178299,5.0
3178309,6.0
3178329,6.0
3178337,5.0
3178349,5.0
3178360,5.0
3178368,5.0
3178391,5.0
3178400,4.0
3178408,6.0
3178418,6.0
3178437,5.0
3178446,4.0
3178456,5.0
3178475,5.0
3178487,4.0
3178493,4.0
3178511,5.0
3178521,6.0
3178530,4.0
3178540,5.0
3178549,5.0
3178571,5.0
3178579,5.0
3178590,5.0
3178598,6.0
3178619,5.0
3178628,4.0
3178637,4.0
3178646,4.0
3178669,5.0
3178677,4.0
3178687,5.0
3178721,4.0
3178726,6.0
3178732,5.0
3178740,5.0
3178751,4.0
3178760,5.0
3178839,6.0
3178843,5.0
3178847,5.0
3178851,6.0
3178855,4.0
3178860,5.0
3178864,5.0
3178870,5.0
3178876,5.0
3178885,4.0
3178894,5.0
3178905,6.0
3178912,4.0
3178931,4.0
3178941,4.0
3178949,4.0
3178959,5.0
3178987,5.0
3178994,4.0
3179003,6.0
3179010,5.0
3179020,5.0
3179042,5.0
3179048,5.0
3179060,5.0
3179072,5.0
3179088,5.0
3179124,6.0
3179128,5.0
3179136,4.0
3179146,5.0
3179159,5.0
3179163,5.0
3179173,5.0
3179182,5.0
3179191,6.0
3179200,5.0
3179220,4.0
3179229,5.0
3179238,5.0
3179249,4.0
3179273,4.0
3179279,5.0
3179293,6.0
3179297,5.0
3179317,5.0
3179326,4.0
3179335,5.0
3179344,5.0
3179366,4.0
3179374,5.0
3179383,5.0
3179392,4.0
3179415,4.0
3179422,4.0
3179430,4.0
3179440,4.0
3179467,5.0
3179474,4.0
3179483,6.0
3179492,4.0
3179514,4.0
3179522,4.0
3179533,5.0
3179540,5.0
3179550,4.0
3179565,5.0
3179572,6.0
3179596,4.0
3179602,4.0
3179611,4.0
3179620,4.0
3179641,4.0
3179652,5.0
3179660,5.0
3179673,5.0
3179692,4.0
3179701,5.0
3179710,4.0
3179751,5.0
3179757,4.0
3179765,5.0
3179774,4.0
3179783,6.0
3179794,5.0
3179802,4.0
3179811,4.0
3179830,5.0
3179836,4.0
3179847,4.0
3179856,4.0
3179865,6.0
3179875,4.0
3179891,5.0
3179909,4.0
3179916,4.0
3179935,4.0
3179940,4.0
3179947,5.0
3179957,6.0
3179979,4.0
3179987,4.0
3179999,4.0
3180008,4.0
3180018,4.0
3180042,4.0
3180049,5.0
3180057,5.0
3180086,4.0
3180091,4.0
3180097,4.0
3180105,3.0
3180115,4.0
3180135,4.0
3180144,4.0
3180154,5.0
3180167,3.0
3180184,3.0
3180193,3.0
3180204,3.0
3180213,3.0
3180222,3.0
3180243,3.0
3180251,5.0
3180260,6.0
3180270,7.0
3180291,6.0
3180303,5.0
3180313,6.0
3180319,6.0
3180339,7.0
3180349,8.0
3180358,8.0
3180367,10.0
3180388,8.0
3180397,7.0
3180408,7.0
3180417,7.0
3180427,7.0
3180449,9.0
3180456,8.0
3180466,10.0
3180474,8.0
3180518,9.0
3180522,10.0
3180528,9.0
3180546,10.0
3180552,11.0
3180559,11.0
3180567,10.0
3180575,11.0
3180585,8.0
3180595,7.0
3180617,8.0
3180627,8.0
3180640,8.0
3180647,5.0
3180666,6.0
3180675,6.0
3180684,6.0
3180693,6.0
3180702,6.0
3180724,7.0
3180733,8.0
3180773,6.0
3180778,6.0
3180782,6.0
3180792,6.0
3180800,6.0
3180811,6.0
3180821,6.0
3180830,7.0
3180839,5.0
3180849,7.0
3180867,6.0
3180877,6.0
3180885,6.0
3180897,6.0
3180918,6.0
3180927,7.0
3180936,6.0
3180949,6.0
3180965,6.0
3180974,5.0
3180983,7.0
3180992,6.0
3181017,6.0
3181023,8.0
3181033,6.0
3181041,6.0
3181052,6.0
3181073,7.0
3181082,6.0
3181092,7.0
3181101,7.0
3181122,7.0
3181132,6.0
3181141,6.0
3181163,7.0
3181171,6.0
3181180,5.0
3181189,7.0
3181197,6.0
3181210,7.0
3181230,5.0
3181239,6.0
3181249,7.0
3181257,7.0
3181277,9.0
3181286,10.0
3181295,11.0
3181306,9.0
3181328,8.0
3181338,9.0
3181346,9.0
3181358,10.0
3181367,11.0
3181390,11.0
3181397,10.0
3181404,11.0
3181415,10.0
3181463,10.0
3181470,12.0
3181476,17.0
3181484,9.0
3181492,8.0
3181503,7.0
3181522,8.0
3181528,7.0
3181535,7.0
3181542,7.0
3181550,7.0
3181569,7.0
3181578,8.0
3181587,8.0
3181598,8.0
3181605,7.0
3181627,7.0
3181637,7.0
3181651,8.0
3181656,7.0
3181675,7.0
3181685,8.0
3181693,8.0
3181702,8.0
3181724,7.0
3181736,8.0
3181743,8.0
3181753,8.0
3181776,8.0
3181784,9.0
3181794,9.0
3181802,7.0
3181811,8.0
3181832,8.0
3181843,8.0
3181853,8.0
3181861,8.0
3181878,7.0
3181892,10.0
3181901,7.0
3181911,7.0
3181920,8.0
3181941,8.0
3181951,8.0
3181961,8.0
3181991,8.0
3181996,9.0
3182001,8.0
3182014,7.0
3182024,8.0
3182036,7.0
3182047,8.0
3182054,7.0
3182064,8.0
3182110,9.0
3182114,8.0
3182127,8.0
3182133,7.0
3182152,8.0
3182157,8.0
3182178,7.0
3182183,8.0
3182192,9.0
3182201,7.0
3182208,7.0
3182217,8.0
3182226,7.0
3182235,8.0
3182245,8.0
3182266,8.0
3182302,10.0
3182308,8.0
3182316,8.0
3182323,8.0
3182330,8.0
3182339,7.0
3182352,8.0
3182359,8.0
3182366,9.0
3182390,7.0
3182399,7.0
3182408,8.0
3182419,7.0
3182426,8.0
3182446,7.0
3182455,8.0
3182465,9.0
3182474,8.0
3182522,7.0
3182527,7.0
3182532,7.0
3182537,8.0
3182546,8.0
3182557,8.0
3182565,9.0
3182575,8.0
3182585,8.0
3182593,8.0
3182616,8.0
3182626,8.0
3182634,8.0
3182643,8.0
3182665,9.0
3182674,8.0
3182682,8.0
3182694,8.0
3182703,9.0
3182722,8.0
3182732,8.0
3182742,7.0
3182750,10.0
3182771,8.0
3182782,8.0
3182793,8.0
3182799,7.0
3182846,7.0
3182850,7.0
3182858,8.0
3182867,9.0
3182877,8.0
3182900,8.0
3182908,8.0
3182914,8.0
3182920,8.0
3182928,9.0
3182940,8.0
3182947,9.0
3182956,8.0
3182978,8.0
3182987,7.0
3182996,7.0
3183006,8.0
3183015,8.0
3183036,8.0
3183046,9.0
3183055,8.0
3183065,8.0
3183075,7.0
3183106,7.0
3183113,8.0
3183134,8.0
3183143,8.0
3183148,10.0
3183158,7.0
3183168,8.0
3183177,7.0
3183185,8.0
3183205,8.0
3183215,7.0
3183257,8.0
3183261,8.0
3183266,8.0
3183273,7.0
3183282,7.0
3183291,7.0
3183303,8.0
3183309,8.0
3183319,8.0
3183329,9.0
3183350,7.0
3183360,8.0
3183370,7.0
3183379,7.0
3183388,8.0
3183409,8.0
3183423,8.0
3183428,9.0
3183447,7.0
3183455,8.0
3183466,8.0
3183475,8.0
3183503,8.0
3183525,8.0
3183529,9.0
3183534,9.0
3183540,8.0
3183549,8.0
3183559,7.0
3183575,8.0
3183584,8.0
3183597,8.0
3183608,8.0
3183640,9.0
3183648,8.0
3183653,7.0
3183670,7.0
3183675,8.0
3183697,7.0
3183718,8.0
3183722,9.0
3183732,9.0
3183740,7.0
3183750,8.0
3183759,8.0
3183787,7.0
3183792,8.0
3183797,8.0
3183806,8.0
3183816,9.0
3183824,7.0
3183834,8.0
3183854,8.0
3183865,7.0
3183874,8.0
3183887,8.0
3183906,8.0
3183920,10.0
3183932,8.0
3183940,7.0
3183951,8.0
3183960,8.0
3183968,8.0
3183990,7.0
3184000,7.0
3184008,9.0
3184035,8.0
3184041,7.0
3184046,8.0
3184063,8.0
3184077,8.0
3184103,7.0
3184107,7.0
3184121,9.0
3184134,8.0
3184139,8.0
3184146,7.0
3184157,8.0
3184163,8.0
3184173,8.0
3184190,8.0
3184198,9.0
3184207,8.0
3184229,8.0
3184240,8.0
3184250,8.0
3184260,8.0
3184277,8.0
3184285,8.0
3184295,9.0
3184305,8.0
3184328,8.0
3184333,7.0
3184345,8.0
3184355,8.0
3184364,8.0
3184389,8.0
3184396,9.0
3184405,8.0
3184415,8.0
3184434,8.0
3184457,8.0
3184462,8.0
3184468,8.0
3184477,7.0
3184486,10.0
3184503,7.0
3184512,8.0
3184520,8.0
3184543,8.0
3184552,8.0
3184561,7.0
3184591,8.0
3184596,9.0
3184601,8.0
3184611,8.0
3184618,8.0
3184654,8.0
3184659,7.0
3184666,7.0
3184674,8.0
3184683,9.0
3184693,7.0
3184705,8.0
3184722,7.0
3184734,8.0
3184762,8.0
3184767,8.0
3184778,8.0
3184786,9.0
3184796,8.0
3184806,8.0
3184815,8.0
3184823,8.0
3184847,8.0
3184852,9.0
3184860,7.0
3184880,9.0
3184888,9.0
3184897,8.0
3184934,8.0
3184941,8.0
3184949,8.0
3184955,8.0
3184963,9.0
3184975,9.0
3184984,8.0
3184993,8.0
3185004,8.0
3185051,8.0
3185056,8.0
3185066,8.0
3185072,8.0
3185077,9.0
3185086,8.0
3185096,8.0
3185105,7.0
3185112,9.0
3185132,7.0
3185171,8.0
3185175,8.0
3185181,8.0
3185189,7.0
3185198,8.0
3185207,8.0
3185218,7.0
3185227,8.0
3185263,9.0
3185267,9.0
3185271,10.0
3185278,7.0
3185287,8.0
3185296,8.0
3185317,8.0
3185354,8.0
3185358,8.0
3185364,8.0
3185373,9.0
3185384,7.0
3185392,8.0
3185404,7.0
3185409,8.0
3185422,9.0
3185437,9.0
3185446,8.0
3185456,10.0
3185465,8.0
3185486,7.0
3185496,7.0
3185506,9.0
3185516,8.0
3185532,7.0
3185540,7.0
3185560,10.0
3185569,7.0
3185577,7.0
3185586,8.0
3185607,8.0
3185616,8.0
3185625,7.0
3185636,7.0
3185644,9.0
3185665,7.0
3185678,8.0
3185685,8.0
3185694,7.0
3185716,8.0
3185729,8.0
3185753,9.0
3185770,10.0
3185774,7.0
3185779,8.0
3185788,9.0
3185798,7.0
3185807,8.0
3185816,8.0
3185825,8.0
3185849,9.0
3185856,8.0
3185866,7.0
3185883,7.0
3185892,7.0
3185899,8.0
3185910,9.0
3185932,8.0
3185940,9.0
3185952,10.0
3185959,9.0
3185979,9.0
3185990,9.0
3185999,9.0
3186007,9.0
3186029,10.0
3186039,11.0
3186048,9.0
3186057,9.0
3186090,10.0
3186094,10.0
3186099,10.0
3186124,9.0
3186129,10.0
3186142,11.0
3186148,10.0
3186158,9.0
3186179,10.0
3186239,10.0
3186243,10.0
3186247,9.0
3186252,10.0
3186256,11.0
3186260,9.0
3186271,9.0
3186277,9.0
3186299,10.0
3186306,10.0
3186312,9.0
3186319,9.0
3186329,11.0
3186341,10.0
3186369,9.0
3186375,9.0
3186384,9.0
3186393,9.0
3186411,9.0
3186416,9.0
3186420,9.0
3186429,9.0
3186450,8.0
3186460,8.0
3186535,9.0
3186539,9.0
3186550,9.0
3186560,9.0
3186570,10.0
3186612,8.0
3186616,9.0
3186621,9.0
3186630,9.0
3186672,8.0
3186676,8.0
3186685,9.0
3186695,10.0
3186703,9.0
3186712,8.0
3186724,9.0
3186732,9.0
3186739,9.0
3186750,8.0
3186760,9.0
3186769,10.0
3186786,9.0
3186791,9.0
3186796,9.0
3186805,9.0
3186815,9.0
3186823,9.0
3186832,9.0
3186842,9.0
3186856,8.0
3186870,9.0
3186879,9.0
3186892,8.0
3186899,9.0
3186920,9.0
3186929,9.0
3186938,10.0
3186947,9.0
3186967,9.0
3186977,9.0
3186990,9.0
3187019,8.0
3187024,7.0
3187028,9.0
3187037,10.0
3187049,8.0
3187066,9.0
3187074,8.0
3187091,9.0
3187111,8.0
3188313,9.0
3188324,8.0
3188338,9.0
3188349,8.0
3188361,9.0
3188365,9.0
3188370,9.0
3188380,8.0
3188391,10.0
3188400,8.0
3188408,8.0
3188422,8.0
3188429,8.0
3188438,7.0
3188448,8.0
3188454,8.0
3188465,9.0
3188476,7.0
3188481,7.0
3188492,9.0
3188502,8.0
3188510,8.0
3188519,8.0
3188532,8.0
3188537,9.0
3188544,8.0
3188556,8.0
3188568,8.0
3188572,8.0
3188596,9.0
3188606,8.0
3188614,9.0
3188628,9.0
3188643,8.0
3188648,8.0
3188659,8.0
3188668,8.0
3188692,8.0
3188702,8.0
3188711,9.0
3188720,10.0
3188747,8.0
3188753,9.0
3188762,8.0
3188771,8.0
3188783,9.0
3188790,8.0
3188810,9.0
3188820,9.0
3188831,8.0
3188839,8.0
3188859,8.0
3188870,8.0
3188878,8.0
3188886,8.0
3188907,8.0
3188919,9.0
3188927,8.0
3188934,8.0
3188961,8.0
3188968,8.0
3188972,8.0
3188982,8.0
3189007,8.0
3189043,9.0
3189047,8.0
3189052,8.0
3189060,8.0
3189073,8.0
3189079,8.0
3189087,8.0
3189096,9.0
3189118,10.0
3189126,8.0
3189135,8.0
3189145,8.0
3189152,8.0
3189172,9.0
3189181,8.0
3189190,9.0
3189204,9.0
3189221,8.0
3189230,8.0
3189242,7.0
3189246,8.0
3189268,7.0
3189277,8.0
3189286,9.0
3189296,8.0
3189324,9.0
3189332,8.0
3189356,8.0
3189360,8.0
3189364,8.0
3189374,8.0
3189385,8.0
3189391,9.0
3189415,8.0
3189423,9.0
3189433,8.0
3189441,8.0
3189458,8.0
3189465,8.0
3189485,9.0
3189494,10.0
3189505,8.0
3189523,8.0
3189534,8.0
3189548,8.0
3189553,8.0
3189561,7.0
3189580,8.0
3189590,10.0
3189601,8.0
3189609,8.0
3189630,9.0
3189639,8.0
3189650,8.0
3189658,8.0
3189668,8.0
3189689,9.0
3189700,8.0
3189708,8.0
3189726,8.0
3189737,8.0
3189763,8.0
3189768,8.0
3189773,8.0
3189783,9.0
3189792,8.0
3189812,9.0
3189830,8.0
3189834,8.0
3189842,8.0
3189861,8.0
3189871,9.0
3189879,9.0
3189894,8.0
3189901,8.0
3189920,8.0
3189929,8.0
3189940,9.0
3189948,8.0
3189987,8.0
3189991,10.0
3189996,8.0
3190002,8.0
3190012,8.0
3190022,8.0
3190031,8.0
3190041,8.0
3190068,7.0
3190075,9.0
3190080,8.0
3190103,8.0
3190108,9.0
3190116,8.0
3190125,8.0
3190147,8.0
3190155,8.0
3190164,9.0
3190174,8.0
3190194,8.0
3190203,8.0
3190215,8.0
3190222,8.0
3190243,9.0
3190254,7.0
3190265,9.0
3190270,7.0
3190291,8.0
3190301,8.0
3190309,8.0
3190319,8.0
3190340,7.0
3190349,8.0
3190358,9.0
3190368,7.0
3190384,7.0
3190399,8.0
3190409,7.0
3190417,7.0
3190427,8.0
3190447,7.0
3190457,9.0
3190466,8.0
3190479,8.0
3190496,8.0
3190504,8.0
3190513,8.0
3190522,8.0
3190546,8.0
3190555,9.0
3190564,8.0
3190594,8.0
3190598,8.0
3190604,8.0
3190613,8.0
3190622,8.0
3190632,8.0
3190652,9.0
3190660,8.0
3190669,8.0
3190693,8.0
3190701,7.0
3190710,8.0
3190720,8.0
3190729,8.0
3190747,9.0
3190753,8.0
3190763,8.0
3190785,8.0
3190795,7.0
3190803,8.0
3190811,8.0
3190833,8.0
3190843,8.0
3190852,8.0
3190861,8.0
3190894,7.0
3190901,8.0
3190912,8.0
3190916,8.0
3190922,8.0
3190950,9.0
3190955,8.0
3190960,8.0
3190968,8.0
3190988,8.0
3191025,8.0
3191030,8.0
3191037,9.0
3191047,9.0
3191057,8.0
3191066,8.0
3191076,7.0
3191085,7.0
3191094,8.0
3191103,8.0
3191113,8.0
3191138,8.0
3191143,7.0
3191154,7.0
3191161,8.0
3191181,8.0
3191192,8.0
3191203,8.0
3191225,8.0
3191230,9.0
3191244,7.0
3191248,8.0
3191263,7.0
3191285,8.0
3191291,8.0
3191295,8.0
3191313,8.0
3191323,9.0
3191360,7.0
3191365,8.0
3191370,7.0
3191379,8.0
3191390,8.0
3191399,8.0
3191405,7.0
3191421,9.0
3191450,7.0
3191454,8.0
3191462,8.0
3191471,8.0
3191481,8.0
3191489,8.0
3191502,8.0
3191518,9.0
3191528,8.0
3191535,8.0
3191546,8.0
3191568,8.0
3191578,8.0
3191586,8.0
3191598,8.0
3191615,9.0
3191630,8.0
3191635,8.0
3191642,8.0
3191671,7.0
3191675,7.0
3191682,7.0
3191693,7.0
3191723,9.0
3191727,8.0
3191733,7.0
3191742,7.0
3191753,8.0
3191783,7.0
3191787,7.0
3191794,7.0
3191806,9.0
3191811,7.0
3191830,7.0
3191839,7.0
3191849,7.0
3191870,7.0
3191878,8.0
3191888,7.0
3191897,8.0
3191934,7.0
3191938,7.0
3191948,7.0
3191956,7.0
3191963,7.0
3191975,8.0
3191984,8.0
3191993,8.0
3192010,8.0
3192025,7.0
3192036,7.0
3192041,7.0
3192060,7.0
3192070,7.0
3192095,7.0
3192101,8.0
3192111,8.0
3192131,7.0
3192136,7.0
3192140,7.0
3192157,8.0
3192168,7.0
3192177,7.0
3192186,8.0
3192195,7.0
3192217,7.0
3192227,7.0
3192235,8.0
3192245,7.0
3192264,7.0
3192275,7.0
3192287,10.0
3192293,8.0
3192305,7.0
3192328,7.0
3192335,7.0
3192342,8.0
3192371,7.0
3192378,8.0
3192384,8.0
3192391,7.0
3192401,7.0
3192421,8.0
3192430,8.0
3192439,7.0
3192448,7.0
3192477,8.0
3192482,8.0
3192487,7.0
3192496,7.0
3192520,8.0
3192526,7.0
3192534,8.0
3192543,7.0
3192565,7.0
3192573,9.0
3192583,7.0
3192593,7.0
3192603,7.0
3192625,8.0
3192636,8.0
3192645,8.0
3192653,7.0
3192675,9.0
3192684,7.0
3192694,7.0
3192703,7.0
3192712,7.0
3192735,7.0
3192742,7.0
3192753,7.0
3192760,8.0
3192781,7.0
3192793,7.0
3192801,7.0
3192808,7.0
3192830,7.0
3192840,7.0
3192847,7.0
3192856,9.0
3192878,6.0
3192887,7.0
3192896,7.0
3192906,7.0
3192922,8.0
3192932,8.0
3192944,7.0
3192952,9.0
3192974,5.0
3192985,7.0
3192996,6.0
3193002,6.0
3193097,7.0
3193101,7.0
3193115,7.0
3193125,7.0
3193145,6.0
3193152,6.0
3193160,6.0
3193169,6.0
3193177,6.0
3193186,7.0
3193195,7.0
3193206,8.0
3193214,7.0
3193224,7.0
3193235,8.0
3193243,9.0
3193250,9.0
3193262,10.0
3193267,7.0
3193277,7.0
3193288,6.0
3193298,7.0
3193308,7.0
3193315,7.0
3193325,7.0
3193338,6.0
3193345,7.0
3193352,9.0
3193361,7.0
3193383,7.0
3193416,7.0
3193421,7.0
3193427,7.0
3193446,7.0
3193453,7.0
3193458,8.0
3193465,7.0
3193476,7.0
3193482,7.0
3193503,7.0
3193512,7.0
3193544,7.0
3193548,7.0
3193553,8.0
3193563,6.0
3193570,6.0
3193579,6.0
3193599,7.0
3193608,7.0
3193617,7.0
3193627,7.0
3193647,7.0
3193654,7.0
3193665,6.0
3193688,7.0
3193697,6.0
3193720,7.0
3193735,7.0
3193739,6.0
3193758,8.0
3193762,7.0
3193768,6.0
3193778,6.0
3193787,8.0
3193799,9.0
3193806,9.0
3193835,11.0
3193839,14.0
3193844,15.0
3193865,14.0
3193873,15.0
3193882,15.0
3193891,14.0
3193904,14.0
3193925,14.0
3193935,15.0
3193944,12.0
3193954,13.0
3193962,13.0
3193991,12.0
3193997,13.0
3194007,12.0
3194016,12.0
3194027,14.0
3194035,12.0
3194062,12.0
3194066,12.0
3194070,12.0
3194094,13.0
3194101,12.0
3194110,13.0
3194124,13.0
3194142,12.0
3194149,12.0
3194177,13.0
3194181,12.0
3194187,12.0
3194198,12.0
3194230,12.0
3194238,13.0
3194243,11.0
3194248,11.0
3194258,12.0
3194264,12.0
3194287,12.0
3194298,12.0
3194307,13.0
3194315,13.0
3194329,12.0
3194336,11.0
