36180021,144.0
36180049,145.0
36180068,145.0
36180079,146.0
36180092,147.0
36180111,149.0
36180129,150.0
36180141,153.0
36180157,156.0
36180187,182.0
36180193,189.0
36180209,227.0
36180223,260.0
36180247,291.0
36180406,320.0
36180438,340.0
36180464,202.0
36180542,167.0
36180546,163.0
36180553,160.0
36180579,157.0
36180589,153.0
36180598,150.0
36180610,148.0
36180662,144.0
36180668,145.0
36180729,141.0
36180735,140.0
36180787,140.0
36180830,140.0
36180864,139.0
36180885,139.0
36180917,140.0
36180927,140.0
36180974,139.0
36180981,139.0
36180995,140.0
36181063,139.0
36181079,141.0
36181126,140.0
36181131,140.0
36181234,141.0
36181242,141.0
36181249,141.0
36181255,141.0
36181261,141.0
36181267,143.0
36181298,144.0
36181312,144.0
36181359,145.0
36181364,145.0
36181398,146.0
36181426,146.0
36181474,147.0
36181544,147.0
36181551,147.0
36181563,162.0
36181580,259.0
36181605,300.0
36181651,396.0
36181657,389.0
36181662,377.0
36181677,377.0
36181699,381.0
36181773,377.0
36181799,369.0
36181806,367.0
36181837,367.0
36181845,367.0
36181852,365.0
36181888,363.0
36181935,361.0
36181958,365.0
36181975,371.0
36181989,394.0
36182012,425.0
36182031,470.0
36182157,477.0
36182169,481.0
36182251,408.0
36182258,209.0
36182349,195.0
36182376,169.0
36182383,161.0
36182425,139.0
36182436,136.0
36182444,127.0
36182512,126.0
36182529,125.0
36182538,125.0
36182647,125.0
36182660,124.0
36182667,125.0
36182675,172.0
36182683,228.0
36182710,318.0
36182717,350.0
36182759,375.0
36182765,422.0
36182807,436.0
36182817,461.0
36182873,470.0
36182902,483.0
36182941,492.0
36182962,497.0
36183200,504.0
36183229,507.0
36183279,511.0
36183300,510.0
36183338,514.0
36183354,515.0
36183361,519.0
36183393,520.0
36183402,522.0
36183410,522.0
36183422,522.0
36183453,521.0
36183461,522.0
36183488,520.0
36183510,521.0
36183518,523.0
36183525,521.0
36183577,521.0
36183583,501.0
36183591,453.0
36183608,390.0
36183623,347.0
36183656,288.0
36183663,264.0
36183670,267.0
36183685,308.0
36183704,341.0
36183825,369.0
36183836,394.0
36183875,413.0
36183924,430.0
36183934,445.0
36183967,476.0
36183974,276.0
36184007,247.0
36184017,178.0
36184100,165.0
36184129,143.0
36184249,135.0
36184258,116.0
36184283,113.0
36184332,109.0
36184341,106.0
36184439,105.0
36184484,102.0
36184494,102.0
36184503,100.0
36184513,101.0
36184522,101.0
36184532,101.0
36184686,101.0
36184691,100.0
36184731,100.0
36184739,101.0
36184763,101.0
36184767,103.0
36184785,103.0
36184838,104.0
36184842,103.0
36184857,103.0
36184882,104.0
36184888,104.0
36184911,103.0
36184915,104.0
36184941,104.0
36184948,104.0
36184965,105.0
36185007,104.0
36185012,105.0
36185018,105.0
36185251,105.0
36185260,105.0
36185268,106.0
36185277,106.0
36185286,105.0
36185295,105.0
36185400,106.0
36185407,106.0
36185423,107.0
36185429,107.0
36185435,107.0
36185488,108.0
36185555,108.0
36185637,107.0
36185647,109.0
36185656,110.0
36185665,108.0
36185716,110.0
36185723,109.0
36185745,109.0
36185785,109.0
36185845,109.0
36185856,109.0
36185911,109.0
36185919,109.0
36185927,111.0
36185985,111.0
36185993,111.0
36186032,110.0
36186112,110.0
36186157,110.0
36186183,111.0
36186258,111.0
36186266,112.0
36186274,111.0
36186287,113.0
36186313,111.0
36186336,111.0
36186386,111.0
36186396,112.0
36186403,113.0
36186450,112.0
36186480,113.0
36186487,113.0
36186507,113.0
36186530,113.0
36186545,112.0
36186552,113.0
36186590,113.0
36186597,114.0
36186640,113.0
36186647,113.0
36186653,114.0
36186661,113.0
36186676,113.0
36186744,112.0
36186750,112.0
36186801,112.0
36186818,111.0
36186865,112.0
36186942,111.0
36186949,112.0
36187038,113.0
36187201,127.0
36187230,155.0
36187246,180.0
36187257,328.0
36187270,359.0
36187281,341.0
36187292,331.0
36187303,397.0
36187310,403.0
36187314,409.0
36187335,414.0
36187346,416.0
36187378,391.0
36187408,355.0
36187416,310.0
36187456,276.0
36187493,241.0
36187505,192.0
36187526,173.0
36188998,151.0
36189009,141.0
36189019,134.0
36189029,128.0
36189039,117.0
36189049,114.0
36189059,112.0
36189069,110.0
36189078,110.0
36189089,110.0
36189098,109.0
36189107,107.0
36189116,107.0
36189141,107.0
36189163,106.0
36189170,106.0
36189183,106.0
36189220,106.0
36189241,105.0
36189245,105.0
36189269,105.0
36189275,104.0
36189295,105.0
36189307,105.0
36189324,105.0
36189350,105.0
36189358,106.0
36189374,105.0
36189397,105.0
36189406,105.0
36189424,106.0
36189442,107.0
36189459,106.0
36189475,105.0
36189492,106.0
36189526,112.0
36189531,110.0
36189541,109.0
36189558,109.0
36189575,109.0
36189593,109.0
36189608,109.0
36189625,108.0
36189643,108.0
36189658,108.0
36189675,108.0
36189693,106.0
36189728,109.0
36189732,108.0
36189740,108.0
36189757,108.0
36189775,108.0
36189796,108.0
36189809,108.0
36189826,108.0
36189847,109.0
36189862,108.0
36189878,109.0
36189894,109.0
36189911,109.0
36189928,109.0
36189945,109.0
36189963,109.0
36189992,110.0
36190032,111.0
36190039,111.0
36190057,111.0
36190064,108.0
36190071,109.0
36190080,110.0
36190093,110.0
36190122,111.0
36190128,110.0
36190161,111.0
36190167,111.0
36190175,111.0
36190192,111.0
36190209,111.0
36190225,111.0
36190244,111.0
36190261,110.0
36190277,112.0
36190295,112.0
36190311,113.0
36190329,111.0
36190346,110.0
36190363,113.0
36190381,112.0
36190397,112.0
36190414,112.0
36190431,113.0
36190448,111.0
36190466,112.0
36190482,111.0
36190498,113.0
36190515,113.0
36190532,114.0
36190550,113.0
36190569,113.0
36190584,113.0
36190602,113.0
36190619,113.0
36190652,112.0
36190658,113.0
36190692,114.0
36190703,115.0
36190710,114.0
36190720,114.0
36190744,114.0
36190754,114.0
36190771,115.0
36190789,116.0
36190807,115.0
36190827,115.0
36190838,115.0
36190855,115.0
36190883,114.0
36190890,114.0
36190906,114.0
36190923,115.0
36190941,115.0
36190960,115.0
36190975,116.0
36190994,115.0
36191010,115.0
36191030,115.0
36191044,115.0
36191061,115.0
36191081,114.0
36191098,115.0
36191111,115.0
36191159,115.0
36191166,114.0
36191172,115.0
36191184,115.0
36191203,115.0
36191218,116.0
36191236,115.0
36191252,117.0
36191269,115.0
36191300,116.0
36191307,116.0
36191320,117.0
36191341,117.0
36191353,117.0
36191370,118.0
36191386,117.0
36191405,116.0
36191421,117.0
36191438,117.0
36191456,118.0
36191473,117.0
36191488,117.0
36191513,117.0
36191523,117.0
36191539,116.0
36191555,117.0
36191574,117.0
36191590,117.0
36191609,116.0
36191626,117.0
36191641,118.0
36191659,117.0
36191676,117.0
36191693,117.0
36191711,117.0
36191727,117.0
36191750,117.0
36191763,117.0
36191779,118.0
36191795,119.0
36191811,117.0
36191828,117.0
36191845,117.0
36191864,119.0
36191880,119.0
36191897,117.0
36191916,119.0
36191946,119.0
36191953,117.0
36191965,118.0
36191985,119.0
36192014,118.0
36192023,119.0
36192033,119.0
36192049,118.0
36192066,119.0
36192082,119.0
36192100,119.0
36192122,119.0
36192134,119.0
36192151,120.0
36192168,119.0
36192184,120.0
36192202,120.0
36192219,119.0
36192236,119.0
36192253,119.0
36192270,119.0
36192286,120.0
36192303,120.0
36192323,121.0
36192339,119.0
36192354,119.0
36192372,120.0
36192429,119.0
36192435,120.0
36192443,121.0
36192459,120.0
36192476,120.0
36192516,121.0
36192523,120.0
36192531,120.0
36192547,119.0
36192560,121.0
36192580,121.0
36192596,121.0
36192612,122.0
36192629,121.0
36192645,121.0
36192662,122.0
36192678,121.0
36192694,121.0
36192711,121.0
36192729,122.0
36192747,121.0
36192794,122.0
36192798,122.0
36192802,121.0
36192818,121.0
36192837,122.0
36192853,123.0
36192870,122.0
36192887,122.0
36192904,122.0
36192921,122.0
36192954,121.0
36192959,122.0
36192971,122.0
36192988,123.0
36193005,123.0
36193023,122.0
36193042,123.0
36193057,122.0
36193074,122.0
36193091,123.0
36193107,123.0
36193125,123.0
36193164,123.0
36193184,123.0
36193188,123.0
36193194,123.0
36193208,123.0
36193235,123.0
36193247,123.0
36193261,123.0
36193280,125.0
36193296,124.0
36193312,123.0
36193331,123.0
36193350,123.0
36193366,124.0
36193396,123.0
36193402,124.0
36193416,124.0
36193434,125.0
36193462,125.0
36193468,125.0
36193513,123.0
36193519,124.0
36193525,124.0
36193537,125.0
36193554,125.0
36193573,125.0
36193592,125.0
36193607,125.0
36193632,125.0
36193641,123.0
36193660,124.0
36193674,124.0
36193692,125.0
36193708,125.0
36193725,124.0
36193742,125.0
36193761,125.0
36193776,125.0
36193806,126.0
36193813,126.0
36193825,126.0
36193841,126.0
36193858,126.0
36193876,125.0
36193891,127.0
36193908,127.0
36193924,126.0
36193942,126.0
36193960,126.0
36193976,125.0
36193994,125.0
36194012,125.0
36194028,127.0
36194045,127.0
36194062,127.0
36194078,127.0
36194095,127.0
36194111,127.0
36194129,126.0
36194149,126.0
36194163,128.0
36194181,127.0
36194226,127.0
36194232,128.0
36194238,128.0
36194248,128.0
36194266,128.0
36194285,127.0
36194305,129.0
36194335,127.0
36194341,127.0
36194348,128.0
36194365,129.0
36194383,128.0
36194401,129.0
36194412,128.0
36194430,128.0
36194465,128.0
36194471,128.0
36194480,129.0
36194498,129.0
36194517,128.0
36194550,129.0
36194557,129.0
36194583,128.0
36194590,128.0
36194600,129.0
36194618,129.0
36194635,129.0
36194651,129.0
36194669,129.0
36194686,129.0
36194723,129.0
36194728,129.0
36194735,129.0
36194752,129.0
36194791,130.0
36194796,130.0
36194812,129.0
36194819,130.0
36194835,130.0
36194853,129.0
36194869,130.0
36194901,130.0
36194905,130.0
36194919,130.0
36194935,130.0
36194952,130.0
36194979,129.0
36194988,131.0
36195002,130.0
36195019,131.0
36195035,131.0
36195053,131.0
36195072,131.0
36195090,131.0
36195106,132.0
36195122,131.0
36195139,131.0
36195156,132.0
36195174,131.0
36195192,131.0
36195207,131.0
36195231,131.0
36195241,131.0
36195258,130.0
36195275,131.0
36195292,132.0
36195309,131.0
36195356,132.0
36195363,132.0
36195370,131.0
36195390,131.0
36195399,132.0
36195416,133.0
36195431,132.0
36195446,133.0
36195464,133.0
36195480,133.0
36195499,132.0
36195513,131.0
36195529,132.0
36195561,132.0
36195565,132.0
36195581,133.0
36195599,133.0
36195616,133.0
36195633,132.0
36195650,133.0
36195667,133.0
36195685,133.0
36195701,134.0
36195717,133.0
36195734,132.0
36195751,133.0
36195768,133.0
36195815,133.0
36195819,133.0
36195824,132.0
36195842,133.0
36195859,134.0
36195875,135.0
36195892,133.0
36195909,135.0
36195926,133.0
36195946,133.0
36195959,134.0
36195978,134.0
36195993,134.0
36196013,135.0
36196027,135.0
36196044,135.0
36196084,135.0
36196088,135.0
36196094,133.0
36196111,135.0
36196127,135.0
36196153,135.0
36196161,135.0
36196179,134.0
36196196,134.0
36196214,135.0
36196229,134.0
36196246,135.0
36196267,135.0
36196281,137.0
36196298,135.0
36196315,135.0
36196333,134.0
36196351,135.0
36196367,135.0
36196385,135.0
36196403,136.0
36196422,136.0
36196437,136.0
36196454,136.0
36196471,137.0
36196488,137.0
36196506,136.0
36196524,137.0
36196539,137.0
36196572,137.0
36196579,137.0
36196589,137.0
36196622,137.0
36196629,137.0
36196638,137.0
36196672,137.0
36196678,138.0
36196690,138.0
36196709,137.0
36196723,137.0
36196740,137.0
36196786,137.0
36196793,137.0
36196800,137.0
36196815,137.0
36196832,138.0
36196848,137.0
36196866,137.0
36196885,139.0
36196899,139.0
36196915,137.0
36196933,138.0
36196951,138.0
36196997,138.0
36197003,139.0
36197009,137.0
36197027,138.0
36197040,138.0
36197055,138.0
36197071,138.0
36197101,138.0
36197107,138.0
36197121,138.0
36197144,139.0
36197167,138.0
36197175,138.0
36197192,137.0
36197204,139.0
36197221,139.0
36197238,139.0
36197255,139.0
36197272,138.0
36197289,138.0
36197306,137.0
36197324,139.0
36197343,139.0
36197356,139.0
36197375,139.0
36197393,140.0
36197411,139.0
36197427,139.0
36197459,139.0
36197468,139.0
36197477,141.0
36197497,140.0
36197514,140.0
36197532,140.0
36197550,140.0
36197581,139.0
36197588,139.0
36197597,139.0
36197615,141.0
36197633,139.0
36197650,141.0
36197693,141.0
36197700,141.0
36197704,141.0
36197715,139.0
36197741,139.0
36197773,141.0
36197791,141.0
36197795,141.0
36197881,141.0
36197885,141.0
36197889,141.0
36197894,141.0
36197898,140.0
36197902,142.0
36197907,142.0
36197923,142.0
36197939,142.0
36197957,143.0
36197972,141.0
36197989,141.0
36198006,142.0
36198022,141.0
36198041,142.0
36198099,141.0
36198104,142.0
36198109,143.0
36198113,142.0
36198124,142.0
36198170,142.0
36198176,143.0
36198180,143.0
36198196,143.0
36198236,143.0
36198286,141.0
36198290,142.0
36198296,143.0
36198315,143.0
36198371,144.0
36198375,144.0
36198380,144.0
36198394,143.0
36198411,144.0
36198446,143.0
36198453,144.0
36198462,143.0
36198479,144.0
36198511,145.0
36198518,145.0
36198553,144.0
36198561,144.0
36198583,144.0
36198590,145.0
36198599,145.0
36198615,144.0
36198630,145.0
36198647,146.0
36198673,144.0
36198683,145.0
36198700,146.0
36198715,147.0
36198732,145.0
36198750,146.0
36198766,146.0
36198784,146.0
36198807,146.0
36198817,146.0
36198835,146.0
36198885,146.0
36198890,146.0
36198894,147.0
36198908,147.0
36198926,146.0
36198943,147.0
36198991,147.0
36198998,146.0
36199021,146.0
36199025,146.0
36199030,147.0
36199046,147.0
36199064,147.0
36199084,147.0
36199098,147.0
36199136,148.0
36199141,146.0
36199148,147.0
36199165,149.0
36199182,148.0
36199199,148.0
36199215,148.0
36199231,147.0
36199248,147.0
36199265,148.0
36199283,147.0
36199302,148.0
36199335,150.0
36199341,149.0
36199359,147.0
36199366,148.0
36199383,147.0
36199401,148.0
36199424,149.0
36199436,149.0
36199453,149.0
36199469,149.0
36199486,149.0
36199503,148.0
36199522,148.0
36199537,149.0
36199554,148.0
36199585,148.0
36199591,149.0
36199605,149.0
36199622,149.0
36199638,148.0
36199655,148.0
36199672,149.0
36199688,149.0
36199705,149.0
36199736,149.0
36199742,149.0
36199754,149.0
36199772,149.0
36199789,149.0
36199805,150.0
36199842,149.0
36199848,150.0
36199855,149.0
36199873,149.0
36199891,149.0
36199908,149.0
36199925,149.0
36199943,149.0
36199961,150.0
36199979,151.0
36199995,151.0
36200012,151.0
36200048,151.0
36200055,149.0
36200062,150.0
36200081,149.0
36200147,150.0
36200153,152.0
36200159,151.0
36200166,151.0
36200172,151.0
36200201,151.0
36200208,150.0
36200220,151.0
36200251,151.0
36200268,151.0
36200276,152.0
36200299,153.0
36200305,151.0
36200320,151.0
36200339,151.0
36200358,151.0
36200369,151.0
36200387,151.0
36200405,152.0
36200422,153.0
36200462,152.0
36200469,152.0
36200476,151.0
36200489,152.0
36200506,153.0
36200522,153.0
36200544,152.0
36200556,153.0
36200574,153.0
36200592,153.0
36200611,152.0
36200627,153.0
36200647,153.0
36200662,153.0
36200679,153.0
36200696,153.0
36200730,154.0
36200737,153.0
36200750,153.0
36200763,154.0
36200780,153.0
36200797,154.0
36200814,154.0
36200831,154.0
36200851,153.0
36200866,153.0
36200908,154.0
36200917,153.0
36200924,153.0
36200932,154.0
36200950,155.0
36200966,154.0
36200983,153.0
36200999,154.0
36201016,153.0
36201033,154.0
36201051,153.0
36201068,153.0
36201085,154.0
36201103,154.0
36201120,155.0
36201137,154.0
36201164,154.0
36201174,154.0
36201188,153.0
36201206,155.0
36201222,155.0
36201239,155.0
36201256,155.0
36201285,155.0
36201306,154.0
36201310,154.0
36201322,154.0
36201340,155.0
36201356,155.0
36201373,156.0
36201401,155.0
36201407,154.0
36201425,155.0
36201440,155.0
36201456,155.0
36201473,155.0
36201516,156.0
36201528,156.0
36201576,156.0
36201600,155.0
36201604,155.0
36201623,156.0
36201709,155.0
36201713,156.0
36201719,156.0
36201737,157.0
36201751,157.0
36201768,156.0
36201785,155.0
36201862,156.0
36201868,156.0
36201874,157.0
36201886,157.0
36201902,158.0
36201925,157.0
36202135,155.0
36202158,157.0
36202221,157.0
36202233,156.0
36202244,158.0
36202259,159.0
36202276,159.0
36202292,159.0
36202319,159.0
36202430,159.0
36202472,159.0
36202484,158.0
36202529,158.0
36202547,159.0
36202620,159.0
36202633,159.0
36202670,159.0
36202712,159.0
36202722,160.0
36202729,159.0
36202791,160.0
36202849,160.0
36202860,161.0
36202913,160.0
36202924,161.0
36202969,161.0
36202976,160.0
36203035,160.0
36203063,161.0
36203071,161.0
36203124,161.0
36203132,161.0
36203190,161.0
36203197,161.0
36203252,161.0
36203261,161.0
36203279,162.0
36203333,162.0
36203342,161.0
36203399,162.0
36203405,161.0
36203429,162.0
36203436,161.0
36203443,162.0
36203473,163.0
36203481,163.0
36203493,164.0
36203509,163.0
36203707,161.0
36203727,163.0
36203756,162.0
36203769,163.0
36203787,163.0
36203794,163.0
36203802,163.0
36203845,164.0
36203852,163.0
36203859,163.0
36203872,164.0
36203928,163.0
36203937,163.0
36203952,164.0
36204052,164.0
36204092,165.0
36204096,163.0
36204100,163.0
36204104,164.0
36204120,164.0
36204154,165.0
36204191,165.0
36204195,164.0
36204230,165.0
36204237,165.0
36204281,165.0
36204297,165.0
36204348,165.0
36204352,166.0
36204400,166.0
36204415,166.0
36204420,166.0
36204510,165.0
36204641,165.0
36204672,165.0
36204686,166.0
36204725,166.0
36204790,167.0
36204856,169.0
36204864,167.0
36204883,167.0
36204911,169.0
36204923,167.0
36204935,169.0
36204972,168.0
36204979,168.0
36204995,168.0
36205005,168.0
36205059,168.0
36205066,168.0
36205072,168.0
36205119,167.0
36205126,169.0
36205133,169.0
36205163,168.0
36205169,169.0
36205215,169.0
36205222,168.0
36205228,168.0
36205406,168.0
36205434,169.0
36205446,169.0
36205458,169.0
36205470,169.0
36205483,170.0
36205494,169.0
36205503,169.0
36205532,169.0
36205549,171.0
36205566,169.0
36205720,170.0
36205725,170.0
36205729,169.0
36205799,170.0
36205898,170.0
36205925,170.0
36205929,171.0
36205963,171.0
36205967,171.0
36206014,171.0
36206019,171.0
36206050,170.0
36206064,171.0
36206103,171.0
36206132,171.0
36206144,171.0
36206172,171.0
36206221,171.0
36206230,171.0
36206309,171.0
36206317,171.0
36206325,172.0
36206386,171.0
36206414,172.0
36206421,172.0
36206429,173.0
36206454,173.0
36206489,172.0
36206504,172.0
36206517,172.0
36206523,172.0
36206529,173.0
36206570,173.0
36206576,173.0
36206583,173.0
36206598,173.0
36206623,173.0
36206629,173.0
36206648,173.0
36206693,175.0
36206699,173.0
36206705,173.0
36206749,173.0
36206786,173.0
36206816,173.0
36207036,173.0
36207047,174.0
36207062,173.0
36207207,174.0
36207240,174.0
36207252,173.0
36207261,174.0
36207271,175.0
36207300,175.0
36207310,177.0
36207327,176.0
36207336,176.0
36207350,176.0
36207487,175.0
36207492,175.0
36207501,175.0
36207518,177.0
36207535,176.0
36207552,176.0
36207571,176.0
36207588,175.0
36207609,177.0
36207622,177.0
36207638,176.0
36207656,176.0
36207674,177.0
36207694,177.0
36207712,177.0
36207727,177.0
36207745,176.0
36207763,176.0
36207778,177.0
36207795,177.0
36207814,177.0
36207828,176.0
36207845,177.0
36207863,177.0
36207891,177.0
36207897,177.0
36207913,177.0
36207931,178.0
36207947,177.0
36207964,177.0
36207982,177.0
36208000,177.0
36208037,177.0
36208043,177.0
36208051,177.0
36208072,177.0
36208083,177.0
36208100,177.0
36208138,177.0
36208145,177.0
36208150,177.0
36208167,177.0
36208185,177.0
36208203,177.0
36208239,178.0
36208266,178.0
36208272,178.0
36208279,178.0
36208286,177.0
36208303,177.0
36208327,177.0
36208337,177.0
36208354,179.0
36208371,177.0
36208391,179.0
36208409,178.0
36208422,178.0
36208439,179.0
36208456,179.0
36208472,179.0
36208505,179.0
36208509,179.0
36208523,179.0
36208540,179.0
36208557,179.0
36208574,179.0
36208593,179.0
36208606,177.0
36208625,179.0
36208642,180.0
36208670,179.0
36208679,179.0
36208694,179.0
36208728,179.0
36208732,179.0
36208744,179.0
36208763,180.0
36208777,179.0
36208795,180.0
36208813,179.0
36208828,179.0
36208855,179.0
36208862,179.0
36208879,179.0
36208897,181.0
36208914,181.0
36208931,180.0
36208948,180.0
36208964,179.0
36208981,179.0
36208999,180.0
36209028,179.0
36209033,180.0
36209058,180.0
36209066,180.0
36209083,180.0
36209100,179.0
36209119,179.0
36209143,179.0
36209161,180.0
36209167,181.0
36209184,181.0
36209202,180.0
36209221,180.0
36209237,180.0
36209254,181.0
36209271,181.0
36209288,180.0
36209306,181.0
36209324,181.0
36209340,181.0
36209356,181.0
36209373,181.0
36209389,181.0
36209407,181.0
36209424,181.0
36209440,181.0
36209456,182.0
36209474,181.0
36209492,181.0
36209509,180.0
36209529,181.0
36209544,181.0
36209567,182.0
36209578,182.0
36209595,182.0
36209613,181.0
36209631,181.0
36209652,181.0
36209673,181.0
36209683,181.0
36209696,181.0
36209715,182.0
36209731,182.0
36209764,183.0
36209771,181.0
36209784,182.0
36209798,181.0
36209817,181.0
36209831,183.0
36209849,182.0
36209865,182.0
36209881,181.0
36209898,182.0
36209916,181.0
36209933,183.0
36209951,183.0
36209968,182.0
36209984,183.0
36210002,183.0
36210020,183.0
36210034,183.0
36210052,182.0
36210081,182.0
36210108,182.0
36210113,182.0
36210118,183.0
36210136,185.0
36210153,183.0
36210171,183.0
36210187,183.0
36210204,183.0
36210221,183.0
36210238,182.0
36210255,183.0
36210271,183.0
36210289,184.0
36210306,183.0
36210323,183.0
36210358,183.0
36210362,183.0
36210375,183.0
36210389,183.0
36210407,184.0
36210424,184.0
36210442,184.0
36210459,182.0
36210476,184.0
36210494,185.0
36210539,184.0
36210558,184.0
36210563,184.0
36210572,183.0
36210590,185.0
36210606,185.0
36210623,184.0
36210640,184.0
36210655,184.0
36210673,185.0
36210689,185.0
36210706,185.0
36210723,185.0
36210741,184.0
36210757,185.0
36210774,185.0
36210793,185.0
36210808,185.0
36210826,185.0
36210863,185.0
36210878,185.0
36210900,183.0
36210904,184.0
36210917,185.0
36210932,184.0
36210950,185.0
36210967,185.0
36210984,185.0
36211004,184.0
36211018,185.0
36211036,185.0
36211054,185.0
36211071,185.0
36211091,186.0
36211106,186.0
36211123,185.0
36211140,185.0
36211157,185.0
36211175,186.0
36211193,185.0
36211209,186.0
36211227,187.0
36211243,187.0
36211261,187.0
36211278,186.0
36211295,187.0
36211312,186.0
36211330,185.0
36211361,185.0
36211365,186.0
36211380,187.0
36211406,186.0
36211417,186.0
36211460,186.0
36211468,186.0
36211475,186.0
36211508,187.0
36211514,186.0
36211522,187.0
36211537,187.0
36211558,186.0
36211571,187.0
36211588,186.0
36211605,187.0
36211627,187.0
36211639,187.0
36211664,187.0
36211695,187.0
36211720,187.0
36211727,187.0
36211733,187.0
36211749,186.0
36211765,188.0
36211784,188.0
36211802,187.0
36211817,186.0
36211834,187.0
36211851,187.0
36211869,187.0
36211888,187.0
36211903,187.0
36211921,188.0
36211937,188.0
36211955,188.0
36211972,188.0
36211991,188.0
36212006,188.0
36212024,187.0
36212041,188.0
36212058,188.0
36212075,188.0
36212093,188.0
36212109,188.0
36212126,189.0
36212143,188.0
36212160,188.0
36212177,187.0
36212196,190.0
36212211,188.0
36212230,188.0
36212244,189.0
36212263,187.0
36212279,187.0
36212296,187.0
36212312,188.0
36212329,189.0
36212346,189.0
36212378,189.0
36212384,189.0
36212397,188.0
36212415,188.0
36212442,188.0
36212449,190.0
36212483,189.0
36212490,189.0
36212501,190.0
36212515,189.0
36212532,188.0
36212579,189.0
36212585,189.0
36212607,189.0
36212635,190.0
36212642,189.0
36212648,190.0
36212660,189.0
36212677,189.0
36212696,189.0
36212713,189.0
36212731,189.0
36212747,189.0
36212765,190.0
36212782,189.0
36212817,190.0
36212823,189.0
36212831,191.0
36212849,189.0
36212866,189.0
36212883,191.0
36212900,191.0
36212927,190.0
36212934,191.0
36212950,190.0
36212966,190.0
36212984,189.0
36213000,190.0
36213016,191.0
36213055,191.0
36213061,191.0
36213068,191.0
36213104,190.0
36213110,191.0
36213131,190.0
36213137,191.0
36213151,191.0
36213169,193.0
36213188,191.0
36213212,192.0
36213220,191.0
36213237,190.0
36213255,191.0
36213272,190.0
36213290,190.0
36213306,191.0
36213326,191.0
36213364,191.0
36213370,189.0
36213377,191.0
36213391,190.0
36213408,191.0
36213425,191.0
36213441,192.0
36213459,192.0
36213475,192.0
36213492,191.0
36213510,193.0
36213528,191.0
36213544,191.0
36213562,192.0
36213579,192.0
36213596,191.0
36213613,192.0
36213630,191.0
36213647,192.0
36213664,192.0
36213680,191.0
36213698,192.0
36213716,193.0
36213732,192.0
36213758,193.0
36213766,192.0
36213784,193.0
36213801,192.0
36213817,193.0
36213835,193.0
36213852,193.0
36213870,192.0
36213887,193.0
36213903,192.0
36213932,193.0
36213939,192.0
36213963,192.0
36213972,193.0
36213988,193.0
36214006,193.0
36214024,193.0
36214041,192.0
36214071,192.0
36214077,192.0
36214091,193.0
36214109,193.0
36214125,192.0
36214142,193.0
36214159,192.0
36214199,192.0
36214205,191.0
36214212,192.0
36214244,192.0
36214251,192.0
36214266,192.0
36214305,192.0
36214312,193.0
36214318,192.0
36214354,192.0
36214360,191.0
36214366,192.0
36214380,194.0
36214394,192.0
36214412,193.0
36214428,192.0
36214454,192.0
36214470,192.0
36214492,193.0
36214502,193.0
36214519,192.0
36214580,192.0
36214587,193.0
36214594,193.0
36214602,192.0
36214618,191.0
36214636,192.0
36214654,192.0
36214671,192.0
36214686,193.0
36214701,193.0
36214724,192.0
36214820,193.0
36214826,192.0
36214830,192.0
36214871,192.0
36214888,192.0
36214906,192.0
36214921,192.0
36214939,192.0
36214956,192.0
36214971,191.0
36215008,192.0
36215015,193.0
36215022,193.0
36215039,192.0
36215055,193.0
36215072,193.0
36215088,192.0
36215105,192.0
36215124,192.0
36215140,193.0
36215155,193.0
36215173,192.0
36215189,193.0
36215208,192.0
36215246,192.0
36215251,192.0
36215257,192.0
36215275,193.0
36215291,192.0
36215309,192.0
36215346,192.0
36215350,193.0
36215357,192.0
36215397,192.0
36215401,192.0
36215407,192.0
36215424,193.0
36215468,192.0
36215472,192.0
36215476,191.0
36215489,192.0
36215507,192.0
36215532,192.0
36215540,193.0
36215558,193.0
36215574,193.0
36215608,193.0
36215612,191.0
36215626,191.0
36215642,192.0
36215659,192.0
36215677,192.0
36215694,192.0
36215727,192.0
36215755,193.0
36215761,192.0
36215798,192.0
36215802,193.0
36215807,192.0
36215849,193.0
36215857,192.0
36215864,193.0
36215872,193.0
36215889,192.0
36215919,193.0
36215926,192.0
36215939,193.0
36215968,193.0
36215996,193.0
36216003,193.0
36216009,193.0
36216038,194.0
36216042,192.0
36216057,194.0
36216072,192.0
36216092,194.0
36216137,193.0
36216165,194.0
36216169,193.0
36216175,192.0
36216192,193.0
36216212,191.0
36216225,191.0
36216242,193.0
36216259,192.0
36216276,192.0
36216294,193.0
36216327,191.0
36216332,190.0
36216343,191.0
36216360,191.0
36216377,191.0
36216395,191.0
36216412,191.0
36216429,190.0
36216446,190.0
36216463,190.0
36216480,189.0
36216509,189.0
36216519,190.0
36216531,189.0
36216552,189.0
36216565,189.0
36216583,188.0
36216599,187.0
36216616,188.0
36216637,187.0
36216649,187.0
36216667,187.0
36216685,187.0
36216702,187.0
36216719,185.0
36216741,185.0
36216753,185.0
36216771,185.0
36216787,185.0
36216804,184.0
36216822,183.0
36216838,185.0
36216855,181.0
36216872,182.0
36216907,181.0
36216911,182.0
36216922,182.0
36216939,181.0
36216957,181.0
36216973,180.0
36217005,179.0
36217010,179.0
36217025,178.0
36217055,178.0
36217063,177.0
36217076,177.0
36217090,176.0
36217108,177.0
36217123,175.0
36217141,175.0
36217157,175.0
36217175,174.0
36217192,174.0
36217212,174.0
36217243,173.0
36217247,173.0
36217260,172.0
36217277,172.0
36217294,171.0
36217313,170.0
36217329,170.0
36217346,171.0
36217363,170.0
36217379,170.0
36217396,169.0
36217415,168.0
36217431,168.0
36217449,168.0
36217465,168.0
36217483,168.0
36217527,167.0
36217532,167.0
36217540,166.0
36217553,167.0
36217569,164.0
36217599,165.0
36217626,165.0
36217633,165.0
36217640,165.0
36217654,164.0
36217672,163.0
36217688,163.0
36217705,163.0
36217752,162.0
36217759,163.0
36217766,162.0
36217801,161.0
36217808,161.0
36217815,161.0
36217831,160.0
36217860,160.0
36217865,160.0
36217884,160.0
36217899,160.0
36217915,159.0
36217932,158.0
36217967,159.0
36217972,157.0
36217983,158.0
36217998,157.0
36218015,157.0
36218033,157.0
36218050,157.0
36218066,157.0
36218082,156.0
36218100,156.0
36218115,155.0
36218133,155.0
36218167,155.0
36218176,155.0
36218184,156.0
36218201,153.0
36218218,153.0
36218237,153.0
36218265,153.0
36218270,152.0
36218286,151.0
36218301,151.0
36218320,151.0
36218336,151.0
36218354,151.0
36218376,149.0
36218389,149.0
36218426,147.0
36218430,148.0
36218441,147.0
36218482,147.0
36218498,146.0
36218502,145.0
36218507,144.0
36218523,144.0
36218542,143.0
36218558,143.0
36218576,142.0
36218592,141.0
36218609,142.0
36218626,139.0
36218643,139.0
36218660,138.0
36218676,137.0
36218693,137.0
36218710,137.0
36218760,135.0
36218768,135.0
36218775,135.0
36218784,132.0
36218801,132.0
36218818,132.0
36218851,130.0
36218857,131.0
36218869,128.0
36218887,127.0
36218903,126.0
36218920,125.0
36218959,123.0
36218965,121.0
36218971,121.0
36218987,120.0
36219004,121.0
36219020,119.0
36219037,118.0
36219063,117.0
36219073,117.0
36219090,115.0
36219107,115.0
36219124,115.0
36219142,113.0
36219159,112.0
36219176,110.0
36219202,109.0
36219210,109.0
36219227,107.0
36219266,107.0
36219273,106.0
36219281,105.0
36219293,105.0
36219312,103.0
36219328,102.0
36219344,101.0
36219362,101.0
36219380,101.0
36219420,99.0
36219424,100.0
36219429,98.0
36219447,96.0
36219471,97.0
36219481,95.0
36219500,95.0
36219515,94.0
36219532,93.0
36219581,92.0
36219586,91.0
36219590,89.0
36219619,89.0
36219624,89.0
36219634,87.0
36219674,87.0
36219678,85.0
36219685,83.0
36219716,83.0
36219722,83.0
36219735,82.0
36219751,80.0
36219770,79.0
36219786,79.0
36219803,79.0
36219820,77.0
36219836,79.0
36219854,75.0
36219872,75.0
36219891,74.0
36219906,71.0
36219933,72.0
36219939,71.0
36219955,69.0
36219974,69.0
36219991,67.0
36220007,67.0
36220023,66.0
36220042,65.0
36220071,65.0
36220078,63.0
36220091,62.0
36220107,61.0
36220138,60.0
36220145,59.0
36220158,58.0
36220175,57.0
36220192,55.0
36220210,55.0
36220228,55.0
36220245,53.0
36220263,51.0
36220280,51.0
36220297,49.0
36220315,48.0
36220331,48.0
36220347,46.0
36220363,45.0
36220383,45.0
36220402,43.0
36220427,43.0
36220432,41.0
36220447,39.0
36220464,39.0
36220485,38.0
36220498,36.0
36220517,37.0
36220534,33.0
36220550,33.0
36220566,33.0
36220583,32.0
36220601,31.0
36220619,30.0
36220635,29.0
36220652,29.0
36220669,27.0
36220701,24.0
36220706,23.0
36220719,23.0
36220738,22.0
36220752,21.0
36220772,21.0
36220786,19.0
36220802,19.0
36220819,17.0
36220837,16.0
36220854,16.0
36220874,15.0
36220889,13.0
36220906,13.0
36220929,11.0
36220939,11.0
36220957,9.0
36220972,9.0
36220989,8.0
36221006,8.0
36221028,7.0
36221041,7.0
36221071,5.0
36221076,5.0
36221089,6.0
36221105,5.0
36221130,5.0
36221137,4.0
36221155,5.0
36221172,3.0
36221203,3.0
36221208,3.0
36221222,2.0
36221255,3.0
36221260,2.0
36221271,3.0
36221288,3.0
36221305,3.0
36221322,4.0
36221339,3.0
36221357,3.0
36221475,4.0
36221480,3.0
36221511,3.0
36221516,3.0
36221564,3.0
36221587,3.0
36221612,3.0
36221625,2.0
36221716,2.0
36221759,3.0
36221767,3.0
36221775,3.0
36221786,2.0
36221801,2.0
36221820,2.0
36221837,3.0
36221901,2.0
36221908,3.0
36221916,3.0
36221923,2.0
36221935,3.0
36221951,2.0
36221973,3.0
36221985,2.0
36222008,3.0
36222030,3.0
36222036,3.0
36222072,3.0
36222167,3.0
36222181,3.0
36222231,3.0
36222235,3.0
36222240,3.0
36222257,3.0
36222275,3.0
36222290,2.0
36222357,2.0
36222368,3.0
36222397,3.0
36222481,2.0
36222485,2.0
36222548,3.0
36222600,3.0
36222625,3.0
36222714,3.0
36222731,3.0
36222832,2.0
36222840,2.0
36222911,2.0
36222919,2.0
36223031,3.0
36223039,2.0
36223152,2.0
36223161,2.0
36223170,2.0
36223178,1.0
36223187,2.0
36223196,1.0
36223252,3.0
36223263,2.0
36223323,2.0
36223327,3.0
36223390,2.0
36223394,1.0
36223416,2.0
36223424,1.0
36223459,2.0
36223473,3.0
36223477,3.0
36223492,2.0
36223506,1.0
36223539,2.0
36223547,2.0
36223558,3.0
36223604,3.0
36223608,1.0
36223746,2.0
36223769,3.0
36223797,2.0
36223830,2.0
36223834,2.0
36223900,1.0
36223906,3.0
36224127,2.0
36224145,2.0
36224155,2.0
36224185,2.0
36224195,1.0
36224227,1.0
36224234,1.0
36224239,1.0
36224265,2.0
36224311,3.0
36224331,3.0
36224392,1.0
36224552,2.0
36224582,2.0
36224599,1.0
36224655,3.0
36224660,2.0
36224733,2.0
36224737,2.0
36224802,2.0
36224833,3.0
36224872,2.0
36224879,2.0
36224885,3.0
36224904,2.0
36224911,2.0
36224935,2.0
36224947,3.0
36224991,2.0
36225001,2.0
36225009,2.0
36225018,3.0
36225030,3.0
36225046,2.0
36225062,3.0
36225080,3.0
36225107,1.0
36225117,3.0
36225146,3.0
36225152,3.0
36225161,3.0
36225178,3.0
36225202,3.0
36225212,2.0
36225273,2.0
36225287,2.0
36225300,3.0
36225416,3.0
36225420,2.0
36225469,2.0
36225505,2.0
36225547,2.0
36225578,1.0
36225602,2.0
36225684,2.0
36225711,2.0
36225759,2.0
36225824,2.0
36225864,2.0
36225886,2.0
36226052,2.0
36226090,1.0
36226133,1.0
36226144,2.0
36226170,1.0
36226211,2.0
36226258,2.0
36226303,2.0
36226319,2.0
36226367,2.0
36226376,2.0
36226384,2.0
36226408,2.0
36226416,3.0
36226424,1.0
36226463,2.0
36226486,3.0
36226492,3.0
36226507,2.0
36226536,2.0
36226542,2.0
36226548,3.0
36226563,2.0
36226580,3.0
36226597,3.0
36226630,1.0
36226698,3.0
36226753,2.0
36226799,3.0
36226817,3.0
36226848,3.0
36226880,2.0
36226884,3.0
36226891,2.0
36226908,1.0
36226924,2.0
36226941,2.0
36226957,3.0
36226987,2.0
36226991,2.0
36227010,1.0
36227058,2.0
36227062,2.0
36227097,2.0
36227208,1.0
36227224,3.0
36227238,3.0
36227253,2.0
36227274,2.0
36227293,2.0
36227511,1.0
36227543,1.0
36227566,3.0
36227593,2.0
36227626,2.0
36227642,2.0
36227668,2.0
36227721,1.0
36227776,1.0
36227815,2.0
36227830,2.0
36227840,2.0
36227891,2.0
36227926,2.0
36227947,1.0
36228015,2.0
36228043,2.0
36228051,2.0
36228095,2.0
36228103,3.0
36228121,2.0
36228357,1.0
36228369,2.0
36228437,2.0
36228451,2.0
36228459,2.0
36228466,1.0
36228482,2.0
36228519,0.0
36228562,2.0
36228576,2.0
36228604,2.0
36228610,2.0
36228649,3.0
36228657,2.0
36228665,1.0
36228678,3.0
36228690,2.0
36228767,1.0
36228781,2.0
36228821,2.0
36228827,2.0
36228844,3.0
36228853,2.0
36228869,3.0
36228886,1.0
36228900,1.0
36228917,2.0
36228934,1.0
36228954,2.0
36228985,3.0
36228989,1.0
36229000,3.0
36229017,2.0
36229034,2.0
36229077,1.0
36229082,3.0
36229086,2.0
36229098,3.0
36229117,2.0
36229131,1.0
36229147,2.0
36229167,2.0
36229183,2.0
36229199,2.0
36229215,3.0
36229232,3.0
36229248,3.0
36229288,3.0
36229297,2.0
36229301,1.0
36229315,2.0
36229331,3.0
36229348,2.0
36229365,2.0
36229385,2.0
36229398,3.0
36229415,3.0
36229431,1.0
36229448,1.0
36229465,2.0
36229482,1.0
36229500,3.0
36229517,2.0
36229545,2.0
36229550,2.0
36229566,2.0
36229582,3.0
36229600,2.0
36229616,2.0
36229633,3.0
36229672,3.0
36229680,2.0
36229699,2.0
36229707,2.0
36229716,1.0
36229734,2.0
36229750,2.0
36229768,1.0
36229800,2.0
36229810,3.0
36229818,2.0
36229835,2.0
36229852,2.0
36229868,2.0
36229886,3.0
36229903,3.0
36229920,1.0
36229943,3.0
36229952,2.0
36229969,2.0
36229986,2.0
36230000,2.0
36230018,2.0
36230036,2.0
36230053,3.0
36230069,3.0
36230086,2.0
36230102,2.0
36230120,3.0
36230150,1.0
36230157,2.0
36230168,2.0
36230185,2.0
36230202,3.0
36230219,1.0
36230235,2.0
36230261,1.0
36230270,3.0
36230285,3.0
36230302,3.0
36230320,1.0
36230335,2.0
36230382,2.0
36230388,2.0
36230395,3.0
36230407,2.0
36230425,3.0
36230441,2.0
36230463,3.0
36230474,3.0
36230516,1.0
36230523,2.0
36230529,2.0
36230544,2.0
36230561,3.0
36230577,2.0
36230610,3.0
36230617,2.0
36230627,2.0
36230644,2.0
36230661,2.0
36230676,1.0
36230693,2.0
36230710,3.0
36230730,3.0
36230743,3.0
36230761,2.0
36230777,3.0
36230795,1.0
36230811,1.0
36230829,3.0
36230846,1.0
36230864,3.0
36230880,3.0
36230897,1.0
36230914,3.0
36230933,1.0
36230948,1.0
36230978,2.0
36230985,3.0
36230997,1.0
36231024,3.0
36231033,2.0
36231049,2.0
36231082,2.0
36231089,1.0
36231098,3.0
36231149,3.0
36231156,1.0
36231163,3.0
36231174,2.0
36231190,2.0
36231207,2.0
36231224,2.0
36231270,1.0
36231275,2.0
36231314,3.0
36231320,2.0
36231325,1.0
36231341,2.0
36231369,1.0
36231389,2.0
36231424,2.0
36231431,2.0
36231458,3.0
36231482,2.0
36231490,2.0
36231499,2.0
36231515,1.0
36231556,2.0
36231588,3.0
36231595,3.0
36231601,3.0
36231643,1.0
36231649,1.0
36231656,2.0
36231670,2.0
36231689,1.0
36231706,1.0
36231723,1.0
36231740,3.0
36231756,3.0
36231813,1.0
36231819,3.0
36231825,1.0
36231835,2.0
36231853,3.0
36231871,2.0
36231888,2.0
36231938,3.0
36231945,1.0
36231952,1.0
36231966,3.0
36231982,2.0
36231997,3.0
36232015,1.0
36232031,3.0
36232048,3.0
36232066,2.0
36232110,3.0
36232117,3.0
36232123,2.0
36232132,2.0
36232149,1.0
36232193,2.0
36232200,2.0
36232206,1.0
36232239,2.0
36232246,2.0
36232253,3.0
36232267,2.0
36232281,3.0
36232320,3.0
36232326,3.0
36232355,1.0
36232364,3.0
36232370,2.0
36232383,3.0
36232408,1.0
36232418,3.0
36232435,2.0
36232451,3.0
36232468,2.0
36232484,3.0
36232532,2.0
36232537,2.0
36232584,2.0
36232592,3.0
36232639,1.0
36232647,1.0
36232655,2.0
36232664,2.0
36232671,1.0
36232706,1.0
36232722,2.0
36232729,2.0
36232743,2.0
36232754,2.0
36232774,1.0
36232788,3.0
36232804,3.0
36232820,2.0
36232837,3.0
36232853,3.0
36232876,3.0
36232888,1.0
36232907,1.0
36232921,2.0
36232976,2.0
36232982,2.0
36232986,2.0
36233000,3.0
36233013,3.0
36233029,3.0
36233051,3.0
36233069,2.0
36233080,2.0
36233095,3.0
36233112,3.0
36233128,2.0
36233146,3.0
36233162,3.0
36233180,3.0
36233196,3.0
36233213,2.0
36233279,3.0
36233283,2.0
36233287,2.0
36233296,2.0
36233315,2.0
36233347,1.0
36233351,3.0
36233362,2.0
36233379,2.0
36233395,2.0
36233415,3.0
36233428,3.0
36233446,1.0
36233464,3.0
36233479,3.0
36233496,2.0
36233524,2.0
36233531,2.0
36233546,2.0
36233564,2.0
36233580,1.0
36233597,3.0
36233614,1.0
36233662,2.0
36233666,1.0
36233670,2.0
36233685,2.0
36233702,2.0
36233737,2.0
36233744,1.0
36233752,2.0
36233769,2.0
36233785,3.0
36233803,1.0
36233819,1.0
36233835,2.0
36233853,3.0
36233871,2.0
36233888,1.0
36233904,3.0
36233948,2.0
36233952,2.0
36233959,2.0
36233977,1.0
36234027,2.0
36234034,3.0
36234038,2.0
36234079,2.0
36234083,2.0
36234089,3.0
36234140,2.0
36234144,1.0
36234185,2.0
36234193,2.0
36234201,3.0
36234208,2.0
36234250,1.0
36234257,2.0
36234265,2.0
36234274,3.0
36234290,1.0
36234354,0.0
36234359,1.0
36234363,0.0
36234367,2.0
36234427,2.0
36234431,2.0
36234435,2.0
36234481,3.0
36234485,1.0
36234495,2.0
36234514,2.0
36234523,2.0
36234541,2.0
36234597,3.0
36234634,3.0
36234639,1.0
36234649,2.0
36234690,1.0
36234703,2.0
36234707,1.0
36234727,3.0
36234732,2.0
36234740,1.0
36234762,2.0
36234773,2.0
36234789,2.0
36234806,2.0
36234825,3.0
36234839,2.0
36234856,3.0
36234872,3.0
36234890,1.0
36234906,1.0
36234924,3.0
36234940,1.0
36234958,3.0
36234973,2.0
36235000,3.0
36235007,3.0
36235023,3.0
36235042,2.0
36235072,3.0
36235080,2.0
36235102,1.0
36235108,3.0
36235123,3.0
36235150,3.0
36235170,3.0
36235176,3.0
36235188,3.0
36235205,2.0
36235221,2.0
36235238,3.0
36235262,3.0
36235273,2.0
36235287,3.0
36235304,3.0
36235322,2.0
36235339,1.0
36235357,1.0
36235373,3.0
36235391,3.0
36235407,3.0
36235424,3.0
36235459,3.0
36235465,2.0
36235473,2.0
36235490,2.0
36235508,2.0
36235526,2.0
36235557,3.0
36235563,1.0
36235573,2.0
36235591,2.0
36235607,3.0
36235624,3.0
36235643,1.0
36235658,3.0
36235677,1.0
36235692,2.0
36235709,3.0
36235726,2.0
36235746,2.0
36235761,3.0
36235777,1.0
36235795,3.0
36235813,3.0
36235828,3.0
36235846,2.0
36235863,3.0
36235880,1.0
36235896,2.0
36235914,1.0
36235983,2.0
36235990,2.0
36235997,3.0
36236003,2.0
36236035,2.0
36236042,2.0
36236054,1.0
36236070,2.0
36236108,3.0
36236115,2.0
36236122,2.0
36236137,3.0
36236154,1.0
36236171,1.0
36236206,1.0
36236213,3.0
36236223,3.0
36236252,3.0
36236257,1.0
36236271,2.0
36236287,1.0
36236304,3.0
36236321,1.0
36236338,3.0
36236357,3.0
36236373,2.0
36236389,3.0
36236405,2.0
36236422,3.0
36236439,1.0
36236460,2.0
36236473,3.0
36236491,3.0
36236508,1.0
36236526,3.0
36236543,3.0
36236562,3.0
36236577,1.0
36236595,1.0
36236611,3.0
36236628,1.0
36236644,2.0
36236661,3.0
36236678,3.0
36236694,2.0
36236711,1.0
36236728,2.0
36236746,2.0
36236762,3.0
36236780,2.0
36236797,1.0
36236816,3.0
36236831,1.0
36236847,2.0
36236864,2.0
36236883,3.0
36236902,2.0
36236917,3.0
36236936,1.0
36236953,1.0
36236972,2.0
36236988,1.0
36237005,1.0
36237021,3.0
36237037,3.0
36237055,3.0
36237071,1.0
36237087,1.0
36237106,2.0
36237123,3.0
36237140,3.0
36237157,1.0
36237173,3.0
36237191,2.0
36237208,2.0
36237226,2.0
36237241,3.0
36237260,1.0
36237276,1.0
36237293,2.0
36237367,2.0
36237374,3.0
36237380,3.0
36237388,2.0
36237469,2.0
36237473,2.0
36237477,1.0
36237481,2.0
36237485,2.0
36237496,2.0
36237550,2.0
36237554,1.0
36237559,1.0
36237563,2.0
36237578,2.0
36237595,3.0
36237619,3.0
36237628,1.0
36237644,3.0
36237661,1.0
36237729,2.0
36237734,2.0
36237738,3.0
36237749,3.0
36237764,2.0
36237781,2.0
36237797,2.0
36237849,3.0
36237854,1.0
36237858,1.0
36237868,1.0
36237885,2.0
36237902,2.0
36237923,2.0
36237936,3.0
36237952,1.0
36237969,2.0
36237985,3.0
36238003,3.0
36238019,3.0
36238037,2.0
36238054,2.0
36238071,3.0
36238088,1.0
36238105,1.0
36238126,2.0
36238141,2.0
36238156,3.0
36238172,2.0
36238190,1.0
36238208,3.0
36238223,3.0
36238240,2.0
36238255,2.0
36238273,1.0
36238289,1.0
36238307,3.0
36238324,2.0
36238380,1.0
36238387,2.0
36238393,2.0
36238399,2.0
36238406,2.0
36238422,2.0
36238440,2.0
36238456,2.0
36238473,3.0
36238491,2.0
36238505,1.0
36238561,3.0
36238568,2.0
36238574,3.0
36238584,1.0
36238600,2.0
36238617,2.0
36238644,1.0
36238651,1.0
36238668,2.0
36238684,3.0
36238701,3.0
36238717,2.0
36238769,2.0
36238775,2.0
36238819,2.0
36238825,1.0
36238833,2.0
36238846,2.0
36238862,3.0
36238923,3.0
36238931,2.0
36238938,3.0
36238945,2.0
36238983,2.0
36238990,3.0
36238997,2.0
36239011,2.0
36239034,3.0
36239079,3.0
36239085,2.0
36239091,2.0
36239096,2.0
36239109,2.0
36239166,3.0
36239173,3.0
36239180,2.0
36239187,3.0
36239193,2.0
36239208,1.0
36239271,3.0
36239277,2.0
36239312,2.0
36239319,3.0
36239326,3.0
36239333,3.0
36239342,2.0
36239358,3.0
36239377,0.0
36239393,1.0
36239409,3.0
36239425,2.0
36239442,3.0
36239497,2.0
36239504,2.0
36239510,2.0
36239522,1.0
36239539,2.0
36239555,3.0
36239573,3.0
36239596,3.0
36239658,1.0
36239665,3.0
36239673,2.0
36239681,3.0
36239693,2.0
36239742,2.0
36239750,1.0
36239756,2.0
36239801,2.0
36239807,2.0
36239814,2.0
36239857,1.0
36239865,2.0
36239872,2.0
36239879,2.0
36239897,3.0
36239947,3.0
36239954,1.0
36239961,1.0
36239967,2.0
36240007,1.0
36240013,3.0
36240019,2.0
36240031,1.0
36240049,2.0
36240065,2.0
36240082,2.0
36240098,1.0
36240116,2.0
36240132,3.0
36240149,3.0
36240174,2.0
36240181,2.0
36240198,3.0
36240215,2.0
36240233,2.0
36240251,3.0
36240267,2.0
36240283,3.0
36240300,2.0
36240316,3.0
36240350,3.0
36240358,2.0
36240366,1.0
36240383,1.0
36240401,2.0
36240415,1.0
36240433,2.0
36240488,2.0
36240495,3.0
36240530,1.0
36240537,2.0
36240543,2.0
36240550,3.0
36240567,3.0
36240582,3.0
36240597,1.0
36240614,2.0
36240630,2.0
36240649,1.0
36240666,2.0
36240693,1.0
36240700,3.0
36240718,1.0
36240731,3.0
36240749,2.0
36240765,2.0
36240783,1.0
36240800,2.0
36240815,2.0
36240833,3.0
36240849,2.0
36240867,1.0
36240882,3.0
36240907,2.0
36240918,3.0
36240934,2.0
36240962,2.0
36240972,3.0
36240983,1.0
36241001,3.0
36241017,2.0
36241034,1.0
36241053,3.0
36241068,2.0
36241084,2.0
36241106,1.0
36241118,2.0
36241133,1.0
36241151,2.0
36241168,2.0
36241183,3.0
36241201,3.0
36241217,2.0
36241234,3.0
36241249,3.0
36241267,3.0
36241286,2.0
36241333,2.0
36241337,2.0
36241342,2.0
36241355,2.0
36241371,1.0
36241415,3.0
36241419,3.0
36241424,3.0
36241441,2.0
36241459,1.0
36241479,2.0
36241523,1.0
36241528,3.0
36241535,2.0
36241551,1.0
36241596,2.0
36241600,3.0
36241609,1.0
36241621,2.0
36241639,1.0
36241667,3.0
36241679,3.0
36241689,1.0
36241725,0.0
36241731,2.0
36241738,2.0
36241755,2.0
36241774,2.0
36243238,1.0
36243254,2.0
36243378,1.0
36243387,2.0
36243395,1.0
36243444,1.0
36243463,1.0
36243477,1.0
36243531,1.0
36243542,2.0
36243598,2.0
36243606,2.0
36243670,2.0
36243678,2.0
36243725,1.0
36243823,1.0
36243831,2.0
36243905,3.0
36243913,2.0
36243921,1.0
36243931,1.0
36243939,1.0
36243967,2.0
36243972,1.0
36243978,2.0
36243989,2.0
36244013,2.0
36244054,2.0
36244060,1.0
36244088,3.0
36244126,2.0
36244133,2.0
36244183,2.0
36244193,2.0
36244221,2.0
36244230,1.0
36244248,2.0
36244286,1.0
36244349,2.0
36244356,3.0
36244362,2.0
36244368,2.0
36244375,2.0
36244387,2.0
36244404,3.0
36244422,2.0
36244449,2.0
36244457,2.0
36244597,1.0
36244602,3.0
36244614,1.0
36244675,1.0
36244700,2.0
36244704,2.0
36244714,2.0
36244737,2.0
36244761,2.0
36244787,2.0
36244895,3.0
36244922,2.0
36244934,2.0
36245015,2.0
36245043,1.0
36245047,1.0
36245103,2.0
36245117,1.0
36245175,3.0
36245184,2.0
36245202,1.0
36245245,1.0
36245257,1.0
36245323,2.0
36245332,2.0
36245357,2.0
36245423,2.0
36245433,2.0
36245444,1.0
36245535,1.0
36245568,2.0
36246900,1.0
36246912,2.0
36246923,2.0
36246946,2.0
36246976,1.0
36247007,1.0
36247047,1.0
36247075,1.0
36247160,1.0
36247175,1.0
36247272,2.0
36247276,1.0
36247288,2.0
36247308,2.0
36247322,3.0
36247337,2.0
36247349,2.0
36247367,2.0
36247404,1.0
36247464,3.0
36247476,1.0
36247567,2.0
36247572,3.0
36247674,1.0
36247726,2.0
36247735,2.0
36247744,2.0
36247753,3.0
36247762,2.0
36247771,2.0
36247779,2.0
36247817,1.0
36247856,2.0
36247936,2.0
36247950,2.0
36247978,3.0
36247984,2.0
36248023,2.0
36248060,2.0
36248119,1.0
36248130,2.0
36248195,1.0
36248199,2.0
36248246,2.0
36248251,1.0
36248255,1.0
36248259,1.0
36248298,1.0
36248304,1.0
36248308,2.0
36248323,2.0
36248338,3.0
36248387,3.0
36248391,3.0
36248395,1.0
36248409,1.0
36248427,3.0
36248444,3.0
36248461,1.0
36248534,3.0
36248542,3.0
36248550,2.0
36248560,2.0
36248592,2.0
36248600,2.0
36248609,3.0
36248627,1.0
36248642,3.0
36248659,2.0
36248676,2.0
36248694,2.0
36248710,3.0
36248727,2.0
36248743,1.0
36248760,3.0
36248784,2.0
36248793,3.0
36248811,2.0
36248828,2.0
36248854,2.0
36248862,3.0
36248877,2.0
36248893,3.0
36248911,3.0
36248926,2.0
36248943,2.0
36248962,2.0
36248994,2.0
36248999,2.0
36249010,3.0
36249028,2.0
36249045,2.0
36249064,2.0
36249094,2.0
36249119,2.0
36249123,1.0
36249127,3.0
36249145,3.0
36249162,2.0
36249178,1.0
36249195,3.0
36249211,1.0
36249228,2.0
36249245,2.0
36249264,3.0
36249279,2.0
36249296,2.0
36249367,2.0
36249374,2.0
36249382,1.0
36249389,2.0
36249406,2.0
36249414,3.0
36249421,1.0
36249427,3.0
36249443,2.0
36249468,2.0
36249486,3.0
36249494,2.0
36249510,1.0
36249527,3.0
36249543,3.0
36249571,2.0
36249577,3.0
36249594,2.0
36249610,1.0
36249628,1.0
36249645,2.0
36249676,1.0
36249707,3.0
36249713,3.0
36249719,1.0
36249736,2.0
36249753,2.0
36249770,2.0
36249787,2.0
36249804,2.0
36249822,2.0
36249837,1.0
36249854,2.0
36249886,2.0
36249892,3.0
36249905,2.0
36249921,1.0
36249941,1.0
36249956,3.0
36249980,2.0
36249988,3.0
36250020,3.0
36250027,2.0
36250038,2.0
36250054,3.0
36250074,3.0
36250088,1.0
36250110,2.0
36250120,2.0
36250136,2.0
36250152,3.0
36250170,2.0
36250188,2.0
36250205,2.0
36250222,3.0
36250239,3.0
36250255,3.0
36250272,3.0
36250290,2.0
36250305,1.0
36250323,1.0
36250356,1.0
36250362,3.0
36250373,2.0
36250426,2.0
36250430,2.0
36250434,2.0
36250448,1.0
36250465,1.0
36250483,3.0
36250499,2.0
36250515,3.0
36250532,2.0
36250549,2.0
36250565,3.0
36250580,2.0
36250598,1.0
36250618,1.0
36250631,1.0
36250649,2.0
36250681,2.0
36250703,3.0
36250707,2.0
36250722,2.0
36250738,3.0
36250753,3.0
36250788,1.0
36250793,1.0
36250802,2.0
36250818,2.0
36250849,1.0
36250856,3.0
36250867,1.0
36250885,2.0
36250902,3.0
36250918,2.0
36250934,2.0
36250950,3.0
36250967,2.0
36250984,2.0
36251001,2.0
36251028,2.0
36251033,3.0
36251062,1.0
36251067,3.0
36251085,2.0
36251100,3.0
36251133,2.0
36251139,1.0
36251150,2.0
36251166,3.0
36251183,2.0
36251200,2.0
36251218,3.0
36251236,2.0
36251251,2.0
36251269,2.0
36251286,2.0
36251304,2.0
36251322,3.0
36251341,2.0
36251355,2.0
36251372,3.0
36251389,2.0
36251407,0.0
36251426,3.0
36251441,2.0
36251504,2.0
36251509,3.0
36251513,1.0
36251524,2.0
36251584,2.0
36251590,2.0
36251594,2.0
36251598,2.0
36251657,2.0
36251668,2.0
36251675,2.0
36251683,2.0
36251690,1.0
36251697,3.0
36251756,3.0
36251764,3.0
36251801,2.0
36251807,2.0
36251813,2.0
36251819,3.0
36251830,2.0
36251864,2.0
36251871,1.0
36251878,2.0
36251886,3.0
36251942,2.0
36251948,3.0
36251954,1.0
36251967,2.0
36251984,1.0
36252001,1.0
36252017,2.0
36252034,2.0
36252053,3.0
36252094,3.0
36252100,1.0
36252110,1.0
36252130,2.0
36252146,3.0
36252161,3.0
36252209,2.0
36252215,1.0
36252224,2.0
36252279,2.0
36252335,2.0
36252339,2.0
36252343,1.0
36252347,1.0
36252351,2.0
36252361,2.0
36252378,3.0
36252438,2.0
36252442,3.0
36252449,1.0
36252466,2.0
36252482,3.0
36252499,3.0
36252516,2.0
36252532,2.0
36252551,2.0
36252588,3.0
36252592,1.0
36252600,2.0
36252621,2.0
36252632,2.0
36252648,3.0
36252677,2.0
36252681,2.0
36252697,2.0
36252714,2.0
36252731,2.0
36252749,2.0
36252783,2.0
36252790,2.0
36252799,1.0
36252816,2.0
36252833,2.0
36252849,2.0
36252912,2.0
36252918,3.0
36252924,1.0
36252931,2.0
36252946,3.0
36252963,1.0
36252979,3.0
36252998,2.0
36253065,2.0
36253073,1.0
36253081,3.0
36253089,2.0
36253105,2.0
36253164,2.0
36253171,3.0
36253177,3.0
36253183,1.0
36253250,3.0
36253256,2.0
36253263,2.0
36253275,3.0
36253334,2.0
36253341,2.0
36253348,2.0
36253361,2.0
36253375,1.0
36253414,2.0
36253420,2.0
36253426,1.0
36253441,1.0
36253459,3.0
36253477,2.0
36253492,1.0
36253510,1.0
36253526,1.0
36253542,2.0
36253557,2.0
36253576,1.0
36253623,2.0
36253629,3.0
36253636,2.0
36253654,2.0
36253676,3.0
36253715,2.0
36253721,2.0
36253728,3.0
36253741,1.0
36253760,1.0
36253774,2.0
36253840,3.0
36253847,2.0
36253854,3.0
36253860,3.0
36253876,1.0
36253896,2.0
36253956,2.0
36253963,3.0
36254002,2.0
36254010,2.0
36254018,3.0
36254025,3.0
36254039,3.0
36254053,2.0
36254072,2.0
36254086,2.0
36254102,2.0
36254119,3.0
36254135,1.0
36254155,3.0
36254170,2.0
36254187,1.0
36254228,3.0
36254234,2.0
36254241,2.0
36254283,2.0
36254291,3.0
36254299,2.0
36254312,2.0
36254326,2.0
36254344,2.0
36254363,2.0
36254377,1.0
36254394,2.0
36254437,2.0
36254441,2.0
36254445,1.0
36254462,3.0
36254477,1.0
36254492,2.0
36254536,2.0
36254542,1.0
36254549,2.0
36254564,2.0
36254579,3.0
36254596,2.0
36254617,2.0
36254630,1.0
36254650,3.0
36254663,3.0
36254680,3.0
36254696,3.0
36254718,0.0
36254728,1.0
36254746,1.0
36254761,3.0
36254779,2.0
36254797,1.0
36254820,3.0
36254833,1.0
36254846,1.0
36254875,3.0
36254880,1.0
36254927,1.0
36254931,1.0
36254936,2.0
36254948,3.0
36254965,2.0
36254981,2.0
36254999,2.0
36255016,2.0
36255031,2.0
36255051,3.0
36255065,3.0
36255082,1.0
36255102,1.0
36255117,3.0
36255134,1.0
36255151,2.0
36255168,2.0
36255185,2.0
36255203,1.0
36255254,2.0
36255266,3.0
36255272,2.0
36255277,1.0
36255287,2.0
36255306,2.0
36255354,1.0
36255361,1.0
36255367,2.0
36255384,1.0
36255397,1.0
36255415,1.0
36255432,2.0
36255464,3.0
36255471,3.0
36255498,2.0
36255505,3.0
36255512,2.0
36255529,1.0
36255555,3.0
36255563,2.0
36255593,1.0
36255601,1.0
36255611,2.0
36255655,2.0
36255661,1.0
36255669,2.0
36255690,1.0
36255704,3.0
36255720,2.0
36255738,3.0
36255755,3.0
36255772,1.0
36255802,1.0
36255808,2.0
36255823,2.0
36255840,2.0
36255857,2.0
36255873,2.0
36255890,2.0
36255906,2.0
36255922,2.0
36255947,1.0
36255956,2.0
36255974,1.0
36255990,2.0
36256008,2.0
36256026,2.0
36256045,1.0
36256060,1.0
36256076,1.0
36256095,3.0
36256111,1.0
36256130,1.0
36256150,2.0
36256162,3.0
36256180,1.0
36256195,2.0
36256212,2.0
36256229,2.0
36256246,2.0
36256263,2.0
36256279,3.0
36256296,2.0
36256314,1.0
36256332,2.0
36256348,3.0
36256371,2.0
36256384,3.0
36256398,3.0
36256414,3.0
36256430,3.0
36256446,3.0
36256462,3.0
36256492,3.0
36256499,2.0
36256513,1.0
36256533,1.0
36256546,2.0
36256591,1.0
36256598,2.0
36256604,2.0
36256617,2.0
36256634,3.0
36256651,3.0
36256666,2.0
36256684,2.0
36256700,3.0
36256717,3.0
36256735,3.0
36256752,2.0
36256769,3.0
36256787,3.0
36256804,2.0
36256821,3.0
36256837,2.0
36256854,2.0
36256877,2.0
36256888,1.0
36256905,1.0
36256922,2.0
36256940,1.0
36256957,2.0
36256972,3.0
36256989,3.0
36257007,3.0
36257023,3.0
36257039,2.0
36257056,2.0
36257076,2.0
36257089,1.0
36257108,2.0
36257123,2.0
36257141,2.0
36257160,2.0
36257176,2.0
36257193,2.0
36257210,2.0
36257229,3.0
36257244,2.0
36257261,2.0
36257280,3.0
36257295,3.0
36257312,1.0
36257338,2.0
36257346,3.0
36257361,2.0
36257380,2.0
36257396,3.0
36257412,3.0
36257431,3.0
36257447,2.0
36257499,2.0
36257506,2.0
36257513,2.0
36257521,2.0
36257539,3.0
36257555,3.0
36257572,3.0
36257590,3.0
36257607,2.0
36257622,1.0
36257640,3.0
36257657,2.0
36257673,1.0
36257690,1.0
36257707,2.0
36257746,2.0
36257751,2.0
36257763,2.0
36257778,3.0
36257800,2.0
36257811,3.0
36257828,2.0
36257844,3.0
36257861,1.0
36257879,2.0
36257896,3.0
36257913,3.0
36257930,2.0
36257947,3.0
36257965,1.0
36257980,1.0
36258007,1.0
36258015,3.0
36258042,2.0
36258047,2.0
36258064,1.0
36258080,2.0
36258098,2.0
36258115,2.0
36258131,2.0
36258149,2.0
36258165,1.0
36258188,2.0
36258199,1.0
36258215,2.0
36258231,1.0
36258250,2.0
36258279,2.0
36258284,1.0
36258298,2.0
36258314,2.0
36258333,2.0
36258349,1.0
36258366,1.0
36258383,3.0
36258400,2.0
36258418,2.0
36258434,1.0
36258461,2.0
36258467,2.0
36258485,2.0
36258499,1.0
36258516,2.0
36258532,2.0
36258550,1.0
36258568,2.0
36258584,2.0
36258601,3.0
36258644,2.0
36258650,2.0
36258656,2.0
36258668,2.0
36258685,2.0
36258701,1.0
36258725,3.0
36258734,2.0
36258752,1.0
36258770,2.0
36258787,3.0
36258802,1.0
36258820,2.0
36258847,2.0
36258855,2.0
36258870,2.0
36258886,1.0
36258902,3.0
36258921,3.0
36258956,0.0
36258961,2.0
36258969,2.0
36258987,2.0
36259022,1.0
36259027,2.0
36259037,2.0
36259053,0.0
36259069,2.0
36259086,2.0
36259102,1.0
36259133,1.0
36259137,2.0
36259151,3.0
36259182,2.0
36259186,1.0
36259201,2.0
36259234,2.0
36259239,2.0
36259252,3.0
36259268,2.0
36259285,2.0
36259303,1.0
36259322,3.0
36259336,3.0
36259353,1.0
36259373,1.0
36259387,2.0
36259404,3.0
36259429,3.0
36259438,2.0
36259453,1.0
36259471,2.0
36259488,1.0
36259504,2.0
36259527,2.0
36259539,3.0
36259573,1.0
36259581,2.0
36259588,1.0
36259606,2.0
36259624,2.0
36259639,2.0
36259656,2.0
36259674,3.0
36259719,1.0
36259724,2.0
36259728,1.0
36259740,2.0
36259756,1.0
36259773,3.0
36259790,3.0
36259807,1.0
36259825,1.0
36259840,3.0
36259857,2.0
36259874,2.0
36259890,2.0
36259923,1.0
36259929,3.0
36259944,1.0
36259957,3.0
36259973,2.0
36259990,2.0
36260005,2.0
36260021,0.0
36260040,1.0
36260055,3.0
36260073,3.0
36260093,2.0
36260110,1.0
36260145,3.0
36260149,1.0
36260160,2.0
36260178,2.0
36260194,3.0
36260229,2.0
36260233,2.0
36260245,2.0
36260260,2.0
36260279,1.0
36260297,1.0
36260319,2.0
36260327,2.0
36260353,2.0
36260361,3.0
36260377,3.0
36260419,2.0
36260429,2.0
36260446,1.0
36260478,3.0
36260484,2.0
36260490,2.0
36260507,2.0
36260538,2.0
36260545,2.0
36260558,2.0
36260570,1.0
36260588,1.0
36260605,2.0
36260633,1.0
36260640,2.0
36260678,2.0
36260683,1.0
36260708,2.0
36260713,1.0
36260721,2.0
36260737,3.0
36260756,2.0
36260770,1.0
36260787,2.0
36260803,3.0
36260819,2.0
36260852,3.0
36260856,2.0
36260870,2.0
36260887,2.0
36260904,3.0
36260921,3.0
36260950,2.0
36260972,3.0
36260978,2.0
36260986,2.0
36261003,2.0
36261020,2.0
36261038,0.0
36261055,2.0
36261072,3.0
36261089,3.0
36261115,1.0
36261124,2.0
36261138,2.0
36261153,3.0
36261170,2.0
36261187,2.0
36261204,1.0
36261222,1.0
36261252,2.0
36261257,1.0
36261274,1.0
36261290,2.0
36261307,1.0
36261326,1.0
36261343,3.0
36261360,3.0
36261407,1.0
36261415,2.0
36261422,2.0
36261434,2.0
36261457,1.0
36261468,1.0
36261483,1.0
36261508,2.0
36261515,2.0
36261553,3.0
36261561,3.0
36261568,3.0
36261581,3.0
36261597,2.0
36261615,2.0
36261631,2.0
36261647,1.0
36261663,2.0
36261692,1.0
36261719,3.0
36261723,2.0
36261730,1.0
36261766,2.0
36261771,2.0
36261790,2.0
36261799,3.0
36261815,2.0
36261839,2.0
36261848,2.0
36261876,1.0
36261944,2.0
36261949,2.0
36261953,2.0
36261970,2.0
36262000,2.0
36262005,3.0
36262018,2.0
36262035,2.0
36262053,1.0
36262069,2.0
36262087,1.0
36262103,2.0
36262120,3.0
36262138,3.0
36262156,1.0
36262184,2.0
36262263,2.0
36262296,1.0
36262301,2.0
36262313,2.0
36262321,2.0
36262364,1.0
36262373,1.0
36262381,1.0
36262389,1.0
36262405,3.0
36262423,1.0
36262438,1.0
36262462,2.0
36262473,2.0
36262564,3.0
36262568,3.0
36262576,2.0
36262593,2.0
36262611,0.0
36262628,3.0
36262646,2.0
36262662,2.0
36262682,2.0
36262697,2.0
36262731,2.0
36262750,2.0
36262755,2.0
36262764,1.0
36262779,3.0
36262795,2.0
36262823,3.0
36262828,1.0
36262853,1.0
36262884,2.0
36262889,3.0
36262895,1.0
36262926,3.0
36262932,2.0
36262943,2.0
36262961,3.0
36262978,2.0
36262993,2.0
36263027,3.0
36263040,3.0
36263061,1.0
36263067,3.0
36263079,2.0
36263092,3.0
36263121,2.0
36263131,1.0
36263143,1.0
36263158,1.0
36263176,2.0
36263192,1.0
36263209,2.0
36263241,0.0
36263249,1.0
36263260,1.0
36263277,2.0
36263294,1.0
36263312,2.0
36263337,3.0
36263374,1.0
36263381,3.0
36263388,0.0
36263402,2.0
36263439,2.0
36263446,1.0
36263465,2.0
36263472,2.0
36263496,2.0
36263501,1.0
36263530,2.0
36263535,1.0
36263548,2.0
36263565,2.0
36263582,3.0
36263600,2.0
36263616,2.0
36263641,2.0
36263667,1.0
36263675,2.0
36263682,2.0
36263700,2.0
36263730,3.0
36263735,3.0
36263762,2.0
36263767,2.0
36263803,2.0
36263807,1.0
36263815,1.0
36263850,2.0
36263855,2.0
36263864,3.0
36263882,2.0
36263897,3.0
36263915,2.0
36263933,1.0
36263974,1.0
36263978,2.0
36264000,2.0
36264034,3.0
36264039,2.0
36264058,2.0
36264063,2.0
36264084,1.0
36264095,3.0
36264112,2.0
36264127,3.0
36264144,2.0
36264159,2.0
36264178,1.0
36264198,1.0
36264212,1.0
36264229,3.0
36264245,2.0
36264262,1.0
36264304,2.0
36264316,3.0
36264322,2.0
36264335,2.0
36264352,3.0
36264369,1.0
36264385,3.0
36264402,2.0
36264420,3.0
36264435,1.0
36264576,2.0
36264584,1.0
36264592,3.0
36264606,1.0
36264624,1.0
36264652,1.0
36264660,1.0
36264673,1.0
36264689,2.0
36264706,1.0
36264723,2.0
36264746,2.0
36264785,3.0
36264789,2.0
36264796,2.0
36264819,3.0
36264829,2.0
36264851,3.0
36264863,2.0
36264888,2.0
36264897,2.0
36264934,2.0
36264939,2.0
36264961,2.0
36264965,1.0
36264979,2.0
36264997,2.0
36265015,2.0
36265033,1.0
36265049,3.0
36265070,3.0
36265092,2.0
36265137,3.0
36265194,2.0
36265219,2.0
36265227,1.0
36265269,1.0
36265297,3.0
36265328,2.0
36265394,1.0
36265409,2.0
36265457,1.0
36265465,2.0
36265484,2.0
36265492,1.0
36265518,2.0
36265527,2.0
36265534,1.0
36265552,1.0
36265590,1.0
36265615,1.0
36265623,2.0
36265727,2.0
36265753,3.0
36265762,3.0
36265770,2.0
36265789,1.0
36265876,2.0
36265899,0.0
36265973,2.0
36265995,1.0
36266020,2.0
36266029,1.0
36266069,2.0
36266088,2.0
36266114,1.0
36266120,1.0
36266127,1.0
36266138,1.0
36266159,3.0
36266209,1.0
36266234,2.0
36266251,1.0
36266331,1.0
36266343,1.0
36266398,2.0
36266406,2.0
36266431,2.0
36266493,2.0
36266500,1.0
36266576,1.0
36266589,1.0
36266627,1.0
36266636,1.0
36266679,1.0
36266687,2.0
36266738,3.0
36266759,1.0
36266803,1.0
36266809,2.0
36266844,1.0
36266855,1.0
36266863,2.0
36266871,1.0
36266887,3.0
36266918,3.0
36266924,2.0
36266958,1.0
36266962,1.0
36266970,2.0
36266988,2.0
36267012,2.0
36267022,2.0
36267038,3.0
36267054,3.0
36267072,2.0
36267094,1.0
36267105,2.0
36267150,1.0
36267154,3.0
36267159,2.0
36267174,3.0
36267192,2.0
36267226,1.0
36267257,1.0
36267264,1.0
36267327,3.0
36267364,2.0
36267369,2.0
36267403,1.0
36267438,2.0
36267485,2.0
36267522,2.0
36267526,2.0
36267580,2.0
36267585,1.0
36267672,1.0
36267680,2.0
36267688,1.0
36267701,2.0
36267730,1.0
36267737,3.0
36267750,2.0
36267769,1.0
36267783,3.0
36267845,1.0
36267852,3.0
36267858,1.0
36267865,1.0
36267871,1.0
36267882,2.0
36267898,1.0
36267949,2.0
36267974,3.0
36267980,2.0
36267998,2.0
36268032,1.0
36268084,1.0
36268105,2.0
36268148,2.0
36268188,1.0
36268252,2.0
36268275,1.0
36268284,2.0
36268319,1.0
36268367,1.0
36268401,1.0
36268409,2.0
36268436,2.0
36268449,1.0
36268456,2.0
36268464,1.0
36268479,2.0
36268497,1.0
36268523,2.0
36268531,3.0
36268594,0.0
36268598,2.0
36268608,2.0
36268620,2.0
36268647,1.0
36268653,1.0
36268674,1.0
36268687,1.0
36268718,3.0
36268742,3.0
36268870,2.0
36268877,2.0
36268881,2.0
36268885,1.0
36268889,2.0
36268892,2.0
36268941,2.0
36268956,2.0
36268960,1.0
36268994,2.0
36268999,2.0
36269003,2.0
36269015,1.0
36269035,2.0
36269050,3.0
36269126,3.0
36269139,2.0
36269144,1.0
36269147,1.0
36269159,2.0
36269200,2.0
36269204,2.0
36269213,3.0
36269231,1.0
36269274,1.0
36269299,1.0
36269307,1.0
36269340,1.0
36269352,1.0
36269365,2.0
36269383,1.0
36269395,1.0
36269508,1.0
36269542,1.0
36269550,2.0
36269559,1.0
36269567,2.0
36269641,2.0
36269699,2.0
36269707,2.0
36269743,2.0
36269751,1.0
36269804,1.0
36269833,1.0
36269841,1.0
36269884,2.0
36269892,2.0
36269899,1.0
36269914,3.0
36269930,2.0
36269946,3.0
36269962,2.0
36270006,2.0
36270012,2.0
36270018,1.0
36270029,3.0
36270047,2.0
36270062,1.0
36270079,2.0
36270103,1.0
36270119,1.0
36270153,2.0
36270179,1.0
36272146,2.0
36272160,2.0
36272333,2.0
36272345,2.0
36272357,1.0
36272368,1.0
36272378,1.0
36272386,1.0
36272477,2.0
36272513,2.0
36272523,1.0
36272531,1.0
36273686,2.0
36273698,1.0
36273728,2.0
36273741,1.0
36273782,1.0
36273796,2.0
36273830,2.0
36273859,2.0
36273913,1.0
36273932,2.0
36273966,1.0
36273971,2.0
36273993,2.0
36274002,2.0
36274069,1.0
36274097,1.0
36274150,1.0
36274155,1.0
36274202,2.0
36274217,1.0
36274275,3.0
36274282,1.0
36274295,2.0
36274337,2.0
36274342,2.0
36274346,1.0
36274371,2.0
36274407,1.0
36274411,2.0
36274455,2.0
36274459,2.0
36274492,2.0
36274500,1.0
36274509,3.0
36274520,1.0
36274592,2.0
36274599,2.0
36274634,2.0
36274642,1.0
36274665,1.0
36274672,1.0
36274688,1.0
36274728,2.0
36274744,2.0
36274760,2.0
36274840,2.0
36274847,1.0
36274879,1.0
36274906,2.0
36274966,1.0
36274985,3.0
36275019,1.0
36275053,2.0
36275061,1.0
36275136,2.0
36275221,1.0
36275232,1.0
36275312,1.0
36275364,1.0
36275388,3.0
36275463,1.0
36275476,2.0
36275549,1.0
36275558,1.0
36275578,1.0
36275596,1.0
36275613,1.0
36275667,1.0
36275694,1.0
36275757,2.0
36275764,1.0
36275811,1.0
36275837,2.0
36275892,1.0
36276106,2.0
36276117,1.0
36276317,1.0
36276343,2.0
36276373,1.0
36276385,1.0
36276396,1.0
36276409,1.0
36276436,2.0
36276459,2.0
36276471,1.0
36276482,2.0
36276527,1.0
36276534,2.0
36276558,2.0
36276565,2.0
36276598,3.0
36276609,3.0
36276789,2.0
36276799,2.0
36276867,3.0
36276966,1.0
36276975,1.0
36277040,1.0
36277048,2.0
36277056,3.0
36277064,1.0
36277072,2.0
36277080,1.0
36277207,1.0
36277213,1.0
36277352,1.0
36277380,1.0
36277389,1.0
36277403,2.0
36277431,1.0
36277476,1.0
36277482,3.0
36277537,1.0
36277557,1.0
36277597,2.0
36277622,2.0
36278771,1.0
36278807,1.0
36278818,1.0
36278985,1.0
36278997,1.0
36279009,1.0
36279020,1.0
36279032,2.0
36279043,1.0
36279054,2.0
36279065,2.0
36279078,2.0
36279084,2.0
36279088,1.0
36279093,2.0
36279174,2.0
36279187,1.0
36279279,2.0
36279283,2.0
36279398,2.0
36279417,1.0
36279455,2.0
36279460,1.0
36279521,1.0
36279545,3.0
36279557,2.0
36279580,1.0
36279594,1.0
36279618,2.0
36279843,1.0
36279856,2.0
36279865,1.0
36279873,1.0
36279882,2.0
36279891,1.0
36279897,2.0
36280135,1.0
36280177,1.0
36280190,2.0
36280197,2.0
36280204,2.0
36280210,2.0
36280217,1.0
36280352,1.0
36280359,1.0
36280365,1.0
36280375,2.0
36280399,2.0
36280407,2.0
36280424,1.0
36280439,2.0
36280457,2.0
36280472,1.0
36280509,1.0
36280515,1.0
36280532,1.0
36280539,1.0
36280555,2.0
36280570,2.0
36280587,1.0
36280605,2.0
36280625,2.0
36281916,2.0
36281928,1.0
36281941,2.0
36281952,3.0
36281963,2.0
36281974,2.0
36282091,1.0
36282284,1.0
36282288,2.0
36282292,1.0
36282296,3.0
36282300,1.0
36282304,2.0
36282308,1.0
36282312,1.0
36282337,1.0
36282398,1.0
36282416,1.0
36282420,3.0
36282424,2.0
36282510,1.0
36282514,1.0
36282534,2.0
36282547,2.0
36282559,1.0
36282582,2.0
36282590,1.0
36282646,1.0
36282650,3.0
36282655,1.0
36282673,2.0
36282718,1.0
36282726,1.0
36282923,1.0
36282934,1.0
36282946,2.0
36283049,1.0
36283057,1.0
36283065,1.0
36283079,2.0
36283095,2.0
36283151,2.0
36283158,1.0
36283247,2.0
36283256,2.0
36283337,1.0
36283359,1.0
36283412,2.0
36283429,1.0
36283506,2.0
36283514,2.0
36283522,3.0
36283530,1.0
36283551,2.0
36283580,1.0
36283838,2.0
36283849,2.0
36283864,2.0
36283901,0.0
36283912,2.0
36283922,1.0
36283926,3.0
36283942,2.0
36283990,1.0
36283995,3.0
36284009,2.0
36284015,2.0
36284035,1.0
36284047,3.0
36284063,2.0
36284080,1.0
36284096,2.0
36284129,2.0
36285517,3.0
36285529,1.0
36285540,2.0
36285558,1.0
36285570,1.0
36285582,2.0
36285593,1.0
36285613,1.0
36285628,2.0
36285652,2.0
36285659,1.0
36285671,2.0
36285699,1.0
36285705,1.0
36285722,2.0
36285743,2.0
36285756,3.0
36285773,1.0
36285788,1.0
36285806,2.0
36285826,1.0
36285840,1.0
36285857,1.0
36285875,3.0
36285891,2.0
36285909,2.0
36285924,3.0
36285955,1.0
36285959,3.0
36285976,3.0
36285991,1.0
36286008,3.0
36286045,2.0
36286067,1.0
36286071,1.0
36286080,1.0
36286122,2.0
36286128,3.0
36286135,2.0
36286146,1.0
36286164,1.0
36286181,2.0
36286200,3.0
36286213,2.0
36286231,2.0
36286248,2.0
36286263,1.0
36286280,2.0
36286298,2.0
36286316,2.0
36286333,2.0
36286351,3.0
36286386,2.0
36286393,3.0
36286401,2.0
36286425,2.0
36286448,1.0
36286454,2.0
36286465,3.0
36286482,1.0
36286499,1.0
36286519,1.0
36286534,2.0
36286553,2.0
36286570,2.0
36286586,2.0
36286603,3.0
36286619,1.0
36286636,3.0
36286655,1.0
36286669,3.0
36286691,3.0
36286703,3.0
36286721,3.0
36286738,1.0
36286753,3.0
36286773,1.0
36286788,2.0
36286804,1.0
36286822,1.0
36286838,1.0
36286855,1.0
36286873,2.0
36286889,0.0
36286914,2.0
36286923,1.0
36286939,1.0
36286971,3.0
36286977,3.0
36286990,2.0
36287009,2.0
36287024,2.0
36287042,3.0
36287061,2.0
36287075,2.0
36287092,2.0
36287109,1.0
36287127,3.0
36287144,3.0
36287161,3.0
36287189,2.0
36287211,1.0
36287218,2.0
36287230,2.0
36287252,3.0
36287269,3.0
36287280,2.0
36287299,1.0
36287314,2.0
36287331,1.0
36287348,3.0
36287365,2.0
36287393,3.0
36287400,2.0
36287415,2.0
36287431,2.0
36287447,1.0
36287464,2.0
36287495,2.0
36287503,1.0
36287515,1.0
36287532,1.0
36287551,1.0
36287566,2.0
36287585,2.0
36287608,2.0
36287616,2.0
36287631,1.0
36287648,2.0
36287665,2.0
36287681,3.0
36287698,3.0
36287715,1.0
36287732,1.0
36287748,1.0
36287772,1.0
36287782,1.0
36287804,2.0
36287816,2.0
36287831,2.0
36287848,3.0
36287867,3.0
36287883,1.0
36287902,2.0
36288000,1.0
36288006,2.0
36288012,2.0
36288018,3.0
36288023,1.0
36288029,2.0
36288034,3.0
36288038,3.0
36288092,1.0
36288107,2.0
36288122,2.0
36288141,2.0
36288174,2.0
36288190,1.0
36288254,1.0
36288258,3.0
36288289,2.0
36288315,2.0
36288358,2.0
36288363,1.0
36288473,2.0
36288478,1.0
36288484,2.0
36288488,2.0
36288492,2.0
36288507,2.0
36288530,2.0
36288559,1.0
36288609,1.0
36288614,2.0
36288697,2.0
36288733,1.0
36288737,2.0
36288809,2.0
36288827,2.0
36288836,2.0
36288844,2.0
36288891,2.0
36288899,3.0
36288906,2.0
36288920,0.0
36288932,1.0
36288953,3.0
36289015,1.0
36289029,1.0
36289050,2.0
36289062,1.0
36289080,2.0
36289097,3.0
36289116,2.0
36289176,2.0
36289182,2.0
36289211,1.0
36289244,2.0
36289302,2.0
36289310,2.0
36289318,2.0
36289436,3.0
36289462,1.0
36289471,1.0
36289480,1.0
36289489,1.0
36289498,1.0
36289512,2.0
36289534,2.0
36289560,2.0
36289565,3.0
36289576,2.0
36289629,2.0
36289641,1.0
36289645,2.0
36289780,2.0
36289794,3.0
36289801,2.0
36289806,2.0
36289822,1.0
36289877,0.0
36289883,1.0
36289887,2.0
36289942,2.0
36289947,1.0
36290030,1.0
36290036,2.0
36290193,1.0
36290209,2.0
36290226,2.0
36290305,1.0
36290314,3.0
36290323,3.0
36290364,3.0
36290423,5.0
36290432,6.0
36290489,7.0
36290497,7.0
36290541,8.0
36290613,7.0
36290621,8.0
36290667,8.0
36290706,5.0
36290826,5.0
36290838,3.0
36290903,2.0
36290911,2.0
36290954,2.0
36290962,3.0
36290988,3.0
36292098,3.0
36292109,3.0
36292172,2.0
36292194,507.0
36292202,507.0
36292211,509.0
36292223,509.0
36292254,509.0
36292275,509.0
36292304,507.0
36292311,508.0
36292392,508.0
36292454,509.0
36292535,510.0
36292546,510.0
36292618,510.0
36292633,510.0
36292695,509.0
36292706,509.0
36294189,509.0
36294200,510.0
36294263,511.0
36294274,511.0
36295766,511.0
36295777,511.0
36295791,510.0
36295820,512.0
36295830,512.0
36295847,511.0
36295869,512.0
36295879,512.0
36295894,511.0
36295910,511.0
36295921,510.0
36295925,510.0
36295948,510.0
36295966,510.0
36295983,511.0
36296008,511.0
36296025,511.0
36296037,511.0
36296050,510.0
36296090,510.0
36296094,509.0
36296110,513.0
36296126,511.0
36296146,510.0
36296153,511.0
36296162,512.0
36296182,510.0
36296196,512.0
36296229,509.0
36296250,512.0
36296427,511.0
36296432,509.0
36296436,510.0
36296450,511.0
36296470,509.0
36296485,512.0
36296501,512.0
36296547,511.0
36296551,511.0
36296636,510.0
36296643,510.0
36296650,510.0
36296657,511.0
36296712,512.0
36296719,513.0
36296726,511.0
36296737,511.0
36296755,509.0
36296774,510.0
36296789,512.0
36296804,511.0
36296822,511.0
36296838,512.0
36296856,512.0
36296871,511.0
36296890,511.0
36296906,511.0
36296923,510.0
36296939,510.0
36296956,512.0
36296973,511.0
36297022,511.0
36297028,511.0
36297035,510.0
36297041,510.0
36297055,510.0
36297072,512.0
36297090,511.0
36297141,513.0
36297147,511.0
36297153,512.0
36297170,510.0
36297185,510.0
36297253,510.0
36297260,511.0
36297266,511.0
36297322,510.0
36297329,510.0
36297337,512.0
36297345,510.0
36297365,510.0
36297380,511.0
36297395,511.0
36297415,515.0
36297429,512.0
36297449,511.0
36297462,511.0
36297479,510.0
36297534,512.0
36297541,510.0
36297548,512.0
36297557,511.0
36297575,512.0
36297590,513.0
36297607,512.0
36297624,510.0
36297641,510.0
36297658,510.0
36297675,510.0
36297691,513.0
36297707,512.0
36297725,511.0
36297743,511.0
36297794,510.0
36297802,510.0
36297810,511.0
36297820,510.0
36297837,511.0
36297853,512.0
36297869,512.0
36297885,511.0
36297904,510.0
36297921,510.0
36297938,510.0
36297955,511.0
36297971,513.0
36297988,512.0
36298006,512.0
36298022,511.0
36298038,511.0
36298055,511.0
36298072,510.0
36298089,510.0
36298104,513.0
36298122,511.0
36298140,511.0
36298157,512.0
36298173,510.0
36298190,510.0
36298207,510.0
36298223,511.0
36298241,512.0
36298258,511.0
36298275,512.0
36298346,512.0
36299379,510.0
36299390,510.0
36299452,513.0
36299459,510.0
36299488,511.0
36299504,512.0
36299626,512.0
36299637,512.0
36299673,512.0
36299829,511.0
36299839,511.0
36299919,512.0
36299957,512.0
36299988,512.0
